15
100	-0.0004858996 0.010359724 -0.00051124439 -0.0010755867 0.015373183 0.037809795 0.020735183 0.017205052 0.05289737 0.00067703882 -0.0071399469 0.036886094 -0.0011605638 0.031735495 0.05472605 	0.49637688	0.63274955
200	0 0.0050391047 -3.9671444e-05 -9.5765277e-05 0.016653946 0.046246731 0.017600264 0.011739087 0.11202487 -0.01275206 -0.016515979 0.061555659 -0.0012138987 0.060207425 0.043646699 	0.37352841	1.518472
300	0 0.0018571299 0 0 0.0070198123 0.035079329 0.0048445159 -0.0014011073 0.18252193 -0.005237948 -0.01648094 0.077860961 -0.00010058481 0.082807189 0.0026746055 	0.26476409	0.10543857
400	0 0.00055231553 0 0 0.00045078638 0.014657277 0.0037187358 -0.00023052684 0.26679428 -0.0087559071 -0.020399549 0.077986106 -0.00021687687 0.094748173 -1.4483616e-05 	0.19297656	12.667117
500	0 -6.3890466e-06 0 0 0.00060222081 0.00026718355 0.0088621036 7.5258535e-05 0.34611195 -0.007042364 -0.017187168 0.048826135 0 0.083548754 -0.0015882537 	0.14019136	1.4340799
600	0 0 0 0 0.00018781142 0.00049022733 0.0009737606 0 0.41656395 -0.0010492146 -0.010113863 -0.00048178764 0 0.053290506 0.00056533767 	0.090776054	14.293535
700	0 0 0 0 0 0 8.8271763e-05 0 0.48299279 -0.0054237391 -0.0026416359 0.0064931089 -0.00056713099 0.020337913 -6.1041023e-05 	0.070941821	1.3141449
800	0 0 0 0 0 0 -0.00028707747 0 0.53447555 -0.010379343 -3.6895158e-05 0.016750924 0 -0.0061210719 -0.0013590129 	0.075184857	22.036503
900	0 0 0 0 0 0 0 0 0.56414696 -0.0083140144 -0.0020184919 -0.0039016149 -0.00049043155 0.011896642 0.00046230145 	0.074049734	0.052486873
1000	0 0 0 0 0 0 0 0 0.57046601 -0.0063868195 -0.0060097906 0.0058148602 -0.0018427543 0.0039332139 -0.0017134154 	0.072409272	0.0525932
1100	0 0 0 0 0 0 0 0 0.55904339 -0.0053251865 -0.0018478676 -0.0015104119 -0.00026902082 0.0053208926 -5.0474589e-05 	0.069554088	0.41764856
1200	0 0 0 0 0 0 0 0 0.53749993 -0.0085437788 -0.00042352737 0.00060231225 -9.6512081e-05 0.004837888 0 	0.066043304	1.0241716
1300	0 0 0 0 0 0 0 0 0.51587752 -0.0025490423 -0.0031207063 8.0596047e-05 5.1362981e-05 0.0028520493 0 	0.065246325	0.77613973
1400	0 0 0 0 0 0 0 0 0.50118684 -0.0017734154 -0.0045693683 0.00093474494 0 0.0073563516 0 	0.06632232	0.045459699
1500	0 0 0 0 0 0 0 0 0.49623098 -0.003626724 -0.0032588044 0.00099893097 0 0.0062218793 0 	0.066630024	0.011857645
1600	0 0 0 0 0 0 0 0 0.50151199 -0.0043488338 -0.001503096 0.00022498559 0 0.0029100669 0 	0.066020667	0.014221608
1700	0 0 0 0 0 0 0 0 0.51431631 -0.0038770615 -0.0016624153 0 0 6.2407863e-05 0 	0.065067805	0.4461746
1800	0 0 0 0 0 0 0 0 0.52916349 -0.0041988297 -0.0026848002 0 0 0.00026586974 0 	0.064836162	0.058255206
1900	0 0 0 0 0 0 0 0 0.54026342 -0.0053159961 -0.0027620552 0 0 0 0 	0.06523935	0.0039039447
2000	0 0 0 0 0 0 0 0 0.54425771 -0.006082967 -0.0020435315 0 0 0 0 	0.065518358	0.0013665085
2100	0 0 0 0 0 0 0 0 0.5407826 -0.0057036249 -0.0018110151 0 0 0 0 	0.065272762	0.0032921988
2200	0 0 0 0 0 0 0 0 0.53210175 -0.0047777864 -0.0023488615 0 0 0 0 	0.064873714	0.0028973516
2300	0 0 0 0 0 0 0 0 0.52208414 -0.0041537332 -0.0025290026 0 0 0 0 	0.064814066	0.0020741164
2400	0 0 0 0 0 0 0 0 0.51471399 -0.0040692796 -0.0018936708 0 0 3.8832363e-07 0 	0.065042857	0.3892304
2500	0 0 0 0 0 0 0 0 0.51255658 -0.0041390659 -0.0014486551 0 0 0.0002201611 0 	0.065157338	0.017091038
2600	0 0 0 0 0 0 0 0 0.51577902 -0.0040659095 -0.001921933 0 0 0.00055455594 0 	0.064998785	0.0037277753
2700	0 0 0 0 0 0 0 0 0.52239833 -0.0040885273 -0.0024948626 0 0 0 0 	0.06480907	0.00014173607
2800	0 0 0 0 0 0 0 0 0.52952215 -0.0047706712 -0.0023513394 0 0 0 0 	0.064816629	0.0023297621
2900	0 0 0 0 0 0 0 0 0.53438453 -0.0053644365 -0.0018756523 0 0 0 0 	0.064948783	0.0011113301
3000	0 0 0 0 0 0 0 0 0.53537719 -0.0052987802 -0.0019589133 0 0 0 0 	0.064986735	0.0023106707
3100	0 0 0 0 0 0 0 0 0.53250504 -0.0048285651 -0.0024335648 0 0 0 0 	0.064884849	0.0014220739
3200	0 0 0 0 0 0 0 0 0.52722681 -0.004513806 -0.0024427946 0 0 0 0 	0.064790203	0.0015735052
3300	0 0 0 0 0 0 0 0 0.52180882 -0.0044708028 -0.001909937 0 0 0 0 	0.064814721	0.0023219802
3400	0 0 0 0 0 0 0 0 0.51840382 -0.0043804205 -0.0016404342 0 0 0 0 	0.064897496	0.00066554838
3500	0 0 0 0 0 0 0 0 0.51819578 -0.0041581014 -0.0019704356 0 0 0 0 	0.064902909	0.002027353
3600	0 0 0 0 0 0 0 0 0.52098245 -0.004164472 -0.0022910831 0 0 0 0 	0.064830971	0.00036939989
3700	0 0 0 0 0 0 0 0 0.52538486 -0.0045602711 -0.002143473 0 0 0 0 	0.064783348	0.0012301542
3800	0 0 0 0 0 0 0 0 0.52952297 -0.0049734135 -0.0019122509 0 0 0 0 	0.064816631	0.00064606301
3900	0 0 0 0 0 0 0 0 0.53179916 -0.0050275173 -0.0020634525 0 0 0 0 	0.064864896	0.001425724
4000	0 0 0 0 0 0 0 0 0.5314718 -0.0048235499 -0.0023631119 0 0 0 0 	0.064856603	0.00063590772
4100	0 0 0 0 0 0 0 0 0.52886205 -0.0046805583 -0.0023106704 0 0 0 0 	0.064806026	0.0010810148
4200	0 0 0 0 0 0 0 0 0.52516106 -0.0046422074 -0.0019684727 0 0 0 0 	0.064783784	0.0014815433
4300	0 0 0 0 0 0 0 0 0.52191707 -0.0045065018 -0.0018377944 0 0 0 0 	0.064813227	0.00051295382
4400	0 0 0 0 0 0 0 0 0.52039632 -0.0042759031 -0.0020430837 0 0 0 0 	0.064842304	0.0011449681
4500	0 0 0 0 0 0 0 0 0.52108559 -0.0042314256 -0.002185224 0 0 0 0 	0.064828175	0.00029211047
4600	0 0 0 0 0 0 0 0 0.52355021 -0.0044807087 -0.0020525165 0 0 0 0 	0.064792409	0.00087101251
4700	0 0 0 0 0 0 0 0 0.52668098 -0.0047648097 -0.0019409096 0 0 0 0 	0.064785971	0.00040953348
