15
100	0.019756847 0.028811582 0.057825033 0.038394488 0.020542191 0.065619338 0.084935788 0.054651254 0.027024569 0.19099393 0.11546723 0.06442535 0.10257688 0.030423901 0.041468404 	-4.5691269	0.0066992487
200	0.025704453 0.032663985 0.083972648 0.044213704 0.020693189 0.065121893 0.10969275 0.048950707 0.023686188 0.27360325 0.15151169 0.085761441 0.10157674 0.022063156 0.00054753865 	-4.7710843	0.72878621
300	0.027503599 0.026718755 0.1006474 0.037235844 0.020429927 0.036337612 0.1105012 0.01625736 0.0093873404 0.31308117 0.15652496 0.10411817 0.056103538 -0.0036300817 0.0063616911 	-4.8577266	0.080182109
400	0.03175033 0.025036437 0.12127554 0.036701248 0.019735165 0.017896996 0.11541132 -0.0055679907 -0.0040721767 0.34480528 0.16986693 0.12159593 0.028391677 -0.022366359 -8.7394906e-05 	-4.8786333	1.2695341
500	0.038360273 0.028654619 0.14329558 0.043674184 0.019345293 0.014498227 0.1222845 -0.0019110246 -0.0050286868 0.35775389 0.18807203 0.13468412 0.02423115 -0.032030999 -0.0024205493 	-4.8805027	0.038228419
600	0.043808322 0.030762625 0.1599688 0.04916073 0.016177915 0.0078428993 0.11805018 0.0023762281 -0.0015053632 0.33640858 0.19322718 0.13598691 0.01506589 -0.042072429 -0.00074649319 	-4.8902511	0.038920677
700	0.050914583 0.035584968 0.17960531 0.058933938 0.013024433 0.0081436567 0.11552737 0.0048853728 0.0026719543 0.30947031 0.20227643 0.13569478 0.017222261 -0.047392754 -0.00018854236 	-4.8978557	0.18239176
800	0.059392579 0.041888889 0.20436006 0.070544687 0.010269815 0.011089841 0.11682916 0.0028850109 -0.0017634493 0.28900743 0.21618758 0.1384773 0.020446656 -0.050295906 -0.00021751438 	-4.9039233	0.02721203
900	0.067766593 0.0470152 0.23222657 0.079721327 0.0069699891 0.0093157696 0.11811331 -0.004701487 -0.0010727189 0.27248096 0.22826951 0.14328732 0.010535759 -0.054418547 3.6440409e-05 	-4.9103263	0.5877127
1000	0.076563125 0.052199299 0.26378759 0.089034873 0.0032438855 0.0065117558 0.12097742 -0.0013059551 0.0011778072 0.26145629 0.24214823 0.14944899 -0.0016864892 -0.057618588 -4.7990308e-05 	-4.9165617	0.061357103
1100	0.084941912 0.056013677 0.29654918 0.097749001 -0.00091757596 -0.00062428405 0.12131537 0.0021844518 -0.0022762809 0.24844518 0.25394234 0.15287511 -0.0042772431 -0.060820712 0 	-4.9206043	0.15458824
1200	0.092277731 0.058178849 0.32926844 0.10381951 0.0021455836 -0.0008871137 0.11837264 -0.003475127 0.00082706159 0.23074662 0.25948306 0.1525406 -0.0013036559 -0.065557019 -0.00021800428 	-4.9249367	0.07956272
1300	0.098531905 0.058872009 0.36312484 0.10651994 0.0012559401 0.0037078766 0.11449532 -0.0049324733 -0.0012175009 0.21437962 0.26013985 0.15062196 -0.00050993865 -0.072361798 9.661849e-05 	-4.9281563	0.069962837
1400	0.10420255 0.058418459 0.39999704 0.10688439 0.00052620274 0.0011487979 0.11202621 -0.0021273242 0.00087678077 0.20678507 0.2600127 0.15071131 -0.00097839218 -0.079072068 -0.00019584753 	-4.9321485	0.048075848
1500	0.10910167 0.056699065 0.43910305 0.10488658 0.00055114315 -0.0011195286 0.11012147 0.00012092934 -0.0010402711 0.20528713 0.25822277 0.15186074 -0.0021424549 -0.085162326 -0.00021060848 	-4.9359813	0.39405211
1600	0.11280036 0.053254583 0.47849421 0.10042054 0.00070280226 0.001538975 0.10610017 -0.0025654748 0.00045506383 0.20256071 0.25227212 0.15134172 -0.0039708007 -0.090346689 -0.00061938757 	-4.9395203	0.045730642
1700	0.11567656 0.048798115 0.51834036 0.095337267 -0.00013722354 -0.00019132802 0.10052379 0.00093240623 0.00039750137 0.19810373 0.24471327 0.14916492 7.5243523e-05 -0.092588094 -0.00023871108 	-4.9435223	5.6164181
1800	0.11772796 0.043672775 0.55892763 0.089479448 -2.3182041e-05 0.00050381762 0.094579721 -0.0010961522 0.00014190692 0.19311848 0.23630678 0.14569822 -0.00084292281 -0.092123793 -0.0004414927 	-4.9469969	1.055884
1900	0.11947542 0.039107452 0.60142374 0.084437568 6.8643864e-05 7.5674431e-05 0.090926667 0.0012297155 -0.00026177226 0.19109534 0.23072681 0.14216146 0.0010249169 -0.087832887 -0.00069627428 	-4.9506531	0.050611604
2000	0.12042022 0.034529236 0.64464944 0.079233778 0 0 0.088093153 -0.00061574627 -6.6662433e-05 0.18832659 0.22586461 0.13705097 -0.00050982103 -0.081512523 -0.00023409501 	-4.9542698	0.24687058
2100	0.12018141 0.029568034 0.6877257 0.07332569 0 0 0.085033208 -0.00011911822 -2.0661126e-05 0.18210056 0.22041328 0.12911656 -0.00057422536 -0.074661183 -0.00047693275 	-4.9578166	1.0904668
2200	0.11885505 0.024491583 0.73125052 0.066849213 0 0 0.082885602 0.00048411868 0 0.17491488 0.21566136 0.1198687 0.00055493941 -0.067676454 -2.2036686e-05 	-4.9611596	0.87329896
2300	0.11658678 0.019602884 0.77594084 0.060035234 0 0.0002405632 0.082850021 0.0002843112 0 0.16970343 0.21304299 0.11116932 0.0004252787 -0.060666788 -4.5954517e-05 	-4.9644082	0.11764117
2400	0.11306611 0.014324062 0.82108511 0.05216209 0 4.6042508e-05 0.083498639 -4.7034041e-05 0 0.16452759 0.21089306 0.10321919 0.00022896697 -0.054592601 0 	-4.9674857	0.39612542
2500	0.10807124 0.0082537341 0.86596551 0.042746966 0 0 0.083426891 7.4801305e-05 0 0.15725978 0.20759983 0.096109723 0.00018344634 -0.050032355 0.00019996729 	-4.9704607	0.039411932
2600	0.1018896 0.0019391898 0.91104455 0.032643712 0 0.00040271008 0.083367619 0 0 0.14962955 0.20449168 0.090801802 -3.0774132e-05 -0.046201107 0.00063514442 	-4.9732871	0.031992697
2700	0.094759228 0.00042475554 0.95660568 0.022770433 0 0.0020679579 0.083716944 0 0 0.14288503 0.20276217 0.087424139 1.9765981e-06 -0.042403904 0.00060066284 	-4.9759392	2.4394114
2800	0.086328054 0.0043815596 1.0016916 0.012698266 0 0.0020675281 0.082280101 0 0 0.13461872 0.20082798 0.084668803 0 -0.039322522 0.00039317555 	-4.9783534	0.0087091511
2900	0.076602473 0.0062929796 1.0462254 0.0028006485 0 2.2853815e-05 0.078764285 0 0 0.12534143 0.19902443 0.082173227 0.00063964382 -0.036891962 0.00067213738 	-4.9806631	0.69665659
3000	0.065891833 0.0071607798 1.0908295 -0.0012710331 0 0.0010874516 0.07483707 0 0 0.11773911 0.1987945 0.080220578 0.0033913837 -0.034628191 0.0004780118 	-4.9825332	0.034518122
3100	0.053497449 0.0059658821 1.1344422 0.0049300284 0 0.00029203485 0.069016493 0 0 0.10964312 0.19690185 0.077729039 0.001035466 -0.034469639 0.00056245027 	-4.9848272	0.05061578
3200	0.039655861 0.0036156352 1.1775969 0.0094543178 0 0.0011702029 0.063062278 0 0 0.10335617 0.19469233 0.075231955 0.0016103829 -0.035661815 0.0007382845 	-4.98669	0.021799309
3300	0.024208255 0.00011455814 1.2200976 0.011531807 0 0.0031468982 0.057217666 0 0 0.098801196 0.19149278 0.072733611 0.0012606172 -0.038132025 0.0009937769 	-4.9886007	0.37313113
3400	0.0071438174 0.0018618923 1.2617229 0.011446538 0 0.005484707 0.051329352 0 0 0.095295061 0.18715882 0.070146143 0.0011703315 -0.041050373 0.0010250526 	-4.9903641	0.028276059
3500	-0.0078355335 0.0035212476 1.3022438 0.0095821621 0 0.0068424367 0.044899339 0 0 0.092012403 0.18181467 0.067459053 0.0023751428 -0.043435277 0.0012871638 	-4.9903563	0.0099367565
3600	-0.0069719441 0.0031316077 1.3416108 0.0061275938 0 0.0068758809 0.038048562 0 0 0.088811364 0.17584336 0.064751407 0.0021555442 -0.044624538 0.0013358781 	-4.9914909	0.013009392
3700	0.0075295844 0.0012900784 1.3800385 0.0018627431 0 0.0073385959 0.031829912 0 0 0.086369701 0.17065841 0.062146705 0.0037524025 -0.043854118 0.00097375769 	-4.9932409	0.027368556
3800	0.019578687 0.0006159738 1.4166886 0.00012387785 0 0.0070839215 0.025466166 0 0 0.082483183 0.16476833 0.058711843 0.0039287277 -0.042291526 0.0010492622 	-4.9934002	0.71677112
3900	0.026544233 0.0018188176 1.4515885 0.0036652044 0 0.006473062 0.019676308 0 0 0.077955727 0.15877278 0.054469043 0.0023111355 -0.040513973 0.0010329552 	-4.9933706	0.0081805728
4000	0.028710206 0.00081451619 1.4852811 0.0045261543 0 0.0066806587 0.015880737 0 0 0.075187685 0.15457719 0.050227984 0.0012712078 -0.038438377 0.0010698672 	-4.9935461	0.025155114
4100	0.026132694 0.00063272202 1.5174329 0.0026532892 0 0.0072318741 0.013626239 0 0 0.073247927 0.15180143 0.045852967 0.0011438674 -0.036498901 0.0012350845 	-4.9938873	0.019684659
4200	0.018770554 0.00027657777 1.5473186 -0.00060911842 0 0.0066496755 0.01145955 2.8063978e-06 0 0.069687994 0.14887115 0.040916761 0.00095475396 -0.035286606 0.0015277242 	-4.9943356	0.11928307
4300	0.007024824 0.00049322837 1.5752646 0.0027562871 0 0.0061785273 0.0099084362 0 0 0.065495874 0.14640876 0.036406649 0.0023843958 -0.034339614 0.0016319502 	-4.9949604	0.019794627
4400	-0.0061728322 0.00024555661 1.6013825 0.0025911528 0 0.0057480574 0.0090719518 0 0 0.061414789 0.1438729 0.033287319 0.0024325695 -0.034013877 0.0018221806 	-4.994386	0.015115632
4500	-0.0061779431 0.00011855269 1.6259895 -0.00046386916 0 0.0061919696 0.0092989302 0 0 0.058514252 0.14186397 0.032220974 0.0023585126 -0.033846235 0.00175572 	-4.9943544	0.030378222
4600	0.005793541 0 1.6483919 0.0015034707 0 0.0055753033 0.0089811844 0 0 0.054698362 0.13913427 0.032118273 0.0014404099 -0.03423231 0.0015752892 	-4.9948314	0.020427148
4700	0.014205443 0 1.6683469 0.00044762742 0 0.0034242485 0.0076919847 0.00020556381 0 0.049680723 0.13574861 0.032173648 0.00028350478 -0.035309151 0.0016259965 	-4.9942036	0.053572386
4800	0.01669125 0 1.6866896 0.00065880605 0 0.0026556341 0.0072501128 0.0014922622 0 0.046576915 0.13419613 0.032781658 0.0028610472 -0.036121242 0.0014353406 	-4.9938733	0.0069195402
4900	0.013031991 0 1.7027112 0.00034457558 0 0.001195356 0.0064055466 0.00095973115 0 0.043653261 0.13222184 0.032886346 0.0025825298 -0.037879105 0.0015339792 	-4.9939369	0.045995859
5000	0.0038340644 0 1.7168988 0.00016127187 0 0.0016303673 0.0062295368 0.00079565296 0 0.042237812 0.13111111 0.032694528 0.0023894542 -0.039582476 0.0015588226 	-4.9943205	0.10809669
5100	-0.0056543902 0 1.7291461 3.939768e-05 0 0.0036246533 0.0061958969 0.0012644732 0 0.041537747 0.13067453 0.031970816 0.0034152721 -0.040686677 0.0015477907 	-4.9935749	0.40715014
5200	-0.0020907755 0 1.7388045 -2.4402251e-05 0 0.0037424306 0.0044767902 -4.9827329e-05 0 0.039294631 0.12906043 0.030188013 0.0024854941 -0.04164724 0.0017981478 	-4.993949	0.23589648
5300	0.0081436409 0 1.7466795 5.7621539e-06 0 0.0034772648 0.0025016985 0.0012265146 0 0.038085986 0.12831562 0.028465791 0.0029668941 -0.041494452 0.0017506013 	-4.993636	0.097014719
