15
100	0.0028541326 0.00058893477 0.0047079552 0.013237636 0.016278678 0.00073771617 0.00022739664 0.0086305592 0.017963756 0.0071656043 0.021572052 0.036315682 0.043251333 0.053890436 0.03739405 	0.59746034	1.1003294
200	-0.00079970001 -0.00238714 -0.001372089 0.014946681 0.028467099 -0.0041023449 -0.0074224824 -0.0017501782 0.037085873 -0.014218764 0.017929154 0.073540273 0.045762567 0.1234427 0.017358471 	0.40883051	0.077111967
300	-0.0003005156 -0.0030603761 -0.0013187017 0.010262476 0.038709576 -0.0011842013 -0.0039124895 -0.012450047 0.055054247 -0.018906167 0.0099476794 0.11335257 0.022416979 0.2097964 -0.016843973 	0.25957793	0.085389343
400	-0.00022275011 -0.0043175513 -0.00072006172 0.0056141538 0.041602233 -0.00067180075 -0.00050106861 -0.011935639 0.056651287 -0.026565402 0.011068317 0.12978215 0.0081327199 0.29773357 -0.026466208 	0.20286067	0.043099945
500	0 -0.0073730435 -0.0012510604 -0.00049472789 0.032134817 -0.0058954449 0.0004373789 -0.0034434439 0.035465806 -0.037438778 0.021798144 0.11398181 0.0030832624 0.37028386 -0.024830924 	0.16209733	0.16077808
600	0 -0.0094076168 -1.6515799e-05 -0.0025701157 0.013497265 -0.004821032 -0.00019376256 0.0026196834 0.0015779941 -0.032397718 0.034287125 0.081372808 -0.0090373721 0.4278886 -0.024439325 	0.12926503	0.22561527
700	0 -0.0089508834 -0.00064056824 0.000852834 -0.0065968266 0.0040948498 0.00017214895 -0.0035901042 -0.024778566 -0.02517907 0.035633305 0.048191563 -0.017026744 0.47536954 -0.012415827 	0.11894629	0.043462165
800	0 -0.0063604009 -0.00037774097 -0.0014673401 -0.014828998 0.0035439703 9.3429667e-05 -0.0067250642 -0.032072945 -0.016514184 0.026579608 0.023112632 -0.015363746 0.51363363 -0.0063876545 	0.11692411	0.038302543
900	0 -0.00097368424 -0.00012173352 -0.00047024997 -0.012301268 0.00030519647 0 -0.0044927703 -0.024994611 -0.008914839 0.0074975625 0.0071194382 -0.010185763 0.54142168 -0.0064733792 	0.11297084	0.11775694
1000	0 -0.0011939108 -9.4928027e-06 -0.00099203654 -0.0035391959 -0.00026085688 0 -0.00016187739 -0.011783289 -0.001688061 -0.01166196 -0.0027642004 -0.005163698 0.55718045 -0.011339856 	0.11322054	0.14572622
1100	0 -0.0073747765 0 -0.00087023049 0.0040060086 -0.001684283 0 -0.0011547812 8.8947004e-05 -0.00069577996 -0.017228163 0.00082635924 -0.0025717156 0.56106936 -0.01609768 	0.11439111	12.903595
1200	0 -0.012452467 0 -0.00054912028 -0.001897963 0.00028438198 0 -0.0024474549 -0.0013300057 -0.0043562247 -0.010062098 0.0029728207 -0.0021508985 0.55435118 -0.016684541 	0.11242931	0.11959629
1300	0 -0.015672174 0 -0.00073912409 -0.0052711524 0.00022535522 0 -0.0038393233 -0.0069509614 -0.0062615789 0.0037854401 0.0014534266 -0.0076885087 0.54103257 -0.0091014268 	0.11083284	0.15535099
1400	0 -0.01536759 0 -0.00038475584 -0.0011847043 0.0011586835 0 -0.0010049296 -0.0066923715 -0.0077156562 0.0087485362 0.00049766963 -0.011292378 0.52491182 -0.0050289832 	0.1105914	0.061686242
1500	0 -0.012735457 0 1.3628578e-05 0.0023922571 -0.00021645885 0 -0.00077815061 -0.0008443439 -0.0067185379 0.0045040459 0.0027514802 -0.0073443305 0.50975699 -0.0083487443 	0.10935863	1.5981959
1600	0 -0.0092503457 0 9.2705223e-05 -0.0018993198 -0.00077375958 0 -0.0036407712 0.0018245707 -0.0041183084 -0.0037907136 0.007707284 -0.0004908098 0.49892834 -0.0080190594 	0.10978867	0.11820136
1700	0 -0.0059063349 0 1.275642e-05 0.00018656189 0.00017079844 0 -0.0046137361 -0.0042941285 -0.0054204063 -0.0020489343 0.012065992 -0.0018233914 0.49312794 -0.0068871056 	0.10954487	2.4381211
1800	0 -0.0024699506 0 -0.00049612678 -0.00041982437 0.00021890526 0 -0.0030477829 -0.0044386073 -0.0095516155 0.0046525545 0.014571703 -0.004875465 0.49261458 -0.0091612817 	0.10971563	0.086539493
1900	0 5.4443644e-05 0 -0.00039459515 0.00035255303 -0.0020777358 0 -0.0015442774 0.00065751844 -0.0098269522 0.0040737838 0.017651339 -0.0062442639 0.49675578 -0.0090817586 	0.10961318	0.1780908
2000	0 -0.0014844996 0 -0.00042458845 -5.560389e-05 -0.0020009677 0 -5.3572869e-05 -0.0020997313 -0.0078830619 -0.0010627135 0.016377444 -0.0030746001 0.50244467 -0.012153409 	0.1091997	0.50298902
2100	0 -0.0039187657 0 -7.3096677e-06 -0.00021244746 -0.00063702663 0 -0.0030575548 -0.0029904569 -0.0069081972 -0.0010668017 0.013199236 -0.0038927846 0.50861397 -0.0096407568 	0.1089132	2.2470897
2200	0 -0.0064543713 0 -9.4499866e-05 0.00011419091 0.00011853817 0 -0.005650588 -0.0010434461 -0.0079999436 0.0030374828 0.0068544436 -0.0048499255 0.51354929 -0.0087426142 	0.10891369	0.10206949
2300	0 -0.0076019149 0 0 -1.2468651e-05 3.4369961e-05 0 -0.0050677819 -0.00066919119 -0.0054075208 -0.0004451973 0.0011938821 -0.0046263403 0.51722632 -0.008440642 	0.10868213	0.79912851
2400	0 -0.0079677319 -0.00015521148 0 0 -0.00029353432 0 -0.0027777482 -0.0013374274 -0.0046959483 -0.0017697899 0.00086773308 -0.0046503941 0.51970215 -0.0071431693 	0.10886765	0.023456036
2500	0 -0.0086224249 -9.8539431e-06 0 0 -0.0004264149 0 -0.0014552701 -0.00011393654 -0.0072624186 0.0022805832 0.0028635417 -0.0063562471 0.51987813 -0.008859402 	0.10885103	0.7749331
2600	0 -0.0091763633 0 0 0 -0.00024215452 0 -0.00075080127 -0.00048077204 -0.0057934734 -0.00040687945 0.0054882711 -0.0068395814 0.51840101 -0.0096954842 	0.10870048	0.11689782
2700	0 -0.010279615 0 0 0 -0.00034586219 0 -0.00094450334 -0.00053146985 -0.0069707035 1.8851824e-05 0.006374344 -0.0045591437 0.51539031 -0.0094949156 	0.10859224	2.3162891
2800	0 -0.011484493 0 0 0 6.4097475e-05 0 -0.0025748043 -0.00027555669 -0.0064186011 0.00043025173 0.0068311513 -0.0046625155 0.51141865 -0.0082714889 	0.10857077	0.068891995
2900	0 -0.011839098 0 0 0 0 0 -0.0025623651 -0.00010403388 -0.0056761259 0.0002471941 0.0062842257 -0.0040793578 0.50748029 -0.0085573149 	0.10855764	0.058347805
3000	0 -0.01134748 0 0 0 -5.7987918e-09 0 -0.0010572398 2.7842066e-07 -0.0057845442 -6.035311e-05 0.0063810988 -0.0034534165 0.50504174 -0.0074784324 	0.10860215	5.2620538
3100	0 -0.011012787 0 0 0 0 0 -0.0007283826 0 -0.0062636319 0 0.0069496842 -0.0053955598 0.50415503 -0.0074267767 	0.10859994	0.01884006
3200	0 -0.010817592 0 0 0 -0.00025072723 0 -0.00037459513 0 -0.0065677563 0 0.0074052041 -0.0044910898 0.50507951 -0.0089767104 	0.10857816	0.031525016
3300	0 -0.010967684 0 0 0 -0.00014708286 0 -0.0014106902 0 -0.0062448225 0 0.0087670399 -0.0042971083 0.50752492 -0.0080425709 	0.10855468	0.032658855
3400	0 -0.011108732 0 0 0 0 0 -0.0023439783 0 -0.0066549127 0 0.0082309074 -0.0040595845 0.50991766 -0.0094738734 	0.10851806	0.003431979
3500	0 -0.010813073 0 0 0 0 0 -0.0025853099 0 -0.0065352165 0 0.0071515637 -0.0045260101 0.51212894 -0.009414092 	0.10851805	0.0033394053
3600	0 -0.010086352 0 0 0 0 0 -0.0019313587 0 -0.0060903182 0 0.0055983085 -0.0048244383 0.5137647 -0.0081746749 	0.10851622	0.0044678456
3700	0 -0.0094978757 0 0 0 0 0 -0.0014853054 0 -0.005890037 0 0.0032048482 -0.005023158 0.51429492 -0.0085595807 	0.10851974	0.0051432171
3800	0 -0.0093080215 0 0 0 0 0 -0.0021626341 0 -0.0055349198 0 0.0020350065 -0.0056562562 0.51440604 -0.0076086704 	0.10853273	0.0033559765
3900	0 -0.0091799492 0 0 0 0 0 -0.0025827202 0 -0.0056569903 0 0.0017610308 -0.0045420874 0.51420469 -0.0073486649 	0.10852817	0.0027521459
4000	0 -0.0090437883 0 0 0 0 0 -0.0031704799 0 -0.0054417086 0 0.0026732951 -0.0045267376 0.51362175 -0.0080011902 	0.10851537	0.0065834294
4100	0 -0.0086988469 0 0 0 0 0 -0.0031517827 0 -0.0059677195 0 0.0044793755 -0.0047980957 0.51288614 -0.0082383024 	0.10850175	0.0041746983
4200	0 -0.0082511413 0 0 0 0 0 -0.002412392 0 -0.0066642283 0 0.006177812 -0.0043247475 0.5118838 -0.0087425901 	0.10850299	0.0024132337
4300	0 -0.0081941851 0 0 0 0 0 -0.0024113925 0 -0.0063042389 0 0.0075317883 -0.0047949182 0.51057111 -0.0090273459 	0.10850954	0.001169722
4400	0 -0.0085272294 0 0 0 0 0 -0.0025317777 0 -0.0066760814 0 0.0077493763 -0.0042480913 0.50920962 -0.0089958483 	0.10850537	0.0027300722
4500	0 -0.0090588689 0 0 0 0 0 -0.002798816 0 -0.0065475898 0 0.0073813557 -0.0039852185 0.50813707 -0.0084309691 	0.10850671	0.0015694032
4600	0 -0.0095061846 0 0 0 0 0 -0.0027067983 0 -0.0059383636 0 0.0065927608 -0.0042190699 0.50759078 -0.0082831892 	0.10850976	0.0018762667
4700	0 -0.0097851788 0 0 0 0 0 -0.0019939014 0 -0.0061627509 0 0.0057976042 -0.0042038905 0.50790452 -0.0080483107 	0.10850643	0.0037846159
4800	0 -0.010110912 0 0 0 0 0 -0.0015975648 0 -0.0060837341 0 0.0055663788 -0.0048155519 0.50901129 -0.0078060874 	0.10850162	0.0014391616
4900	0 -0.010539302 0 0 0 0 0 -0.0014405744 0 -0.00599665 0 0.0054102367 -0.0047870439 0.51053473 -0.0084835174 	0.10849501	0.00076857921
5000	0 -0.011032802 0 0 0 0 0 -0.0017207856 0 -0.0061354444 0 0.0056005882 -0.0046984394 0.51219482 -0.0084283542 	0.10849501	0.0020902304
5100	0 -0.011346816 0 0 0 0 0 -0.001973908 0 -0.0061562775 0 0.0055432493 -0.0047470586 0.51337179 -0.0085929171 	0.10850268	0.00066324917
5200	0 -0.011295997 0 0 0 0 0 -0.0017958693 0 -0.0060391602 0 0.00510587 -0.0047922651 0.513806 -0.0088823648 	0.10850543	0.0010453499
5300	0 -0.010995167 0 0 0 0 0 -0.0015282922 0 -0.0059820684 0 0.0047314949 -0.0050583609 0.5136041 -0.0082609411 	0.10850203	0.0018835358
5400	0 -0.010644501 0 0 0 0 0 -0.0013970433 0 -0.0059809342 0 0.0041997152 -0.0049858576 0.51277144 -0.0081770392 	0.10849898	0.00098213961
5500	0 -0.010379839 0 0 0 0 0 -0.001770188 0 -0.0057793748 0 0.0041366196 -0.0049236023 0.51171497 -0.0080850153 	0.10849709	0.0032741286
5600	0 -0.010104351 0 0 0 0 0 -0.0022181795 0 -0.0059091504 0 0.0046591192 -0.0045390015 0.51079075 -0.0078526517 	0.10849553	0.0014718625
5700	0 -0.0097217081 0 0 0 0 0 -0.0024624118 0 -0.0060942066 0 0.0054710285 -0.0042957393 0.51005097 -0.0082523607 	0.10849417	0.0018632858
5800	0 -0.009251707 0 0 0 0 0 -0.0024970019 0 -0.0061933155 0 0.0065134896 -0.0044965184 0.50962969 -0.0085276653 	0.10849549	0.0014579703
5900	0 -0.0088261006 0 0 0 0 0 -0.0022640517 0 -0.0065468621 0 0.007206462 -0.0043351986 0.50948868 -0.0086825979 	0.10849963	0.00056796342
