15
100	0.0081459925 0.013469053 0.013569397 0.011315219 0.025436515 0.03576199 0.018634865 0.025275893 0.028107007 0.023700794 0.013513867 0.049923627 0.022518792 0.035737455 0.098928503 	0.11131327	0.019076834
200	0.011261423 0.019627141 0.014215106 0.011124107 0.042192153 0.05138974 0.012954499 0.035468464 0.043816584 -0.0052352831 -0.0061042685 0.082379683 0.0064326205 0.062508771 0.13132905 	0.0040378661	0.0085699243
300	0.014231987 0.024242587 0.019611174 0.012521091 0.053728157 0.056324147 0.0072680695 0.046543805 0.04953219 -0.0099607355 -0.0064454898 0.10796344 -0.0025261883 0.086836472 0.11456648 	-0.019963075	0.011890437
400	0.01611907 0.025500353 0.02539676 0.011828291 0.063110245 0.047637625 -0.0040801277 0.051790996 0.046488415 -0.0087430875 -0.0020442378 0.12689335 -0.0047390991 0.10655815 0.081854831 	-0.03594893	0.016785367
500	0.018294489 0.028478549 0.031330213 0.00854375 0.076354155 0.043357464 -0.0037414373 0.058545235 0.041799487 -0.010836765 -0.0027023803 0.14701502 -0.0092114098 0.12508014 0.07328145 	-0.041313312	0.014818226
600	0.019856207 0.031741407 0.036422952 0.0032702323 0.088933979 0.039861611 0.0016237227 0.066162254 0.030806083 -0.015333671 -0.0037074607 0.15788236 -0.011138837 0.13611291 0.072171567 	-0.043418873	0.018816936
700	0.020533727 0.034421525 0.041522264 -0.001640082 0.099102138 0.03419861 -0.00084829744 0.0725092 0.012640656 -0.015104976 -0.0018276942 0.15684706 -0.011325873 0.13823996 0.067254954 	-0.046394067	0.015338314
800	0.020959968 0.038392657 0.046296635 0.0020473706 0.11072346 0.033254566 0.00061567958 0.078435739 -0.0050328736 -0.016466637 -0.0032908333 0.15247167 -0.014937544 0.13758796 0.071298596 	-0.048304631	0.023777558
900	0.021002874 0.042835993 0.051076691 0.0013892187 0.1236084 0.033656012 -0.00022747587 0.083281663 -0.0089029503 -0.017605565 -0.0042737576 0.14668016 -0.01581539 0.13665093 0.075115841 	-0.048621305	0.092063058
1000	0.020032348 0.045922133 0.055526914 -9.2133273e-05 0.13654163 0.02960043 -0.00039535576 0.083864294 -0.0011534544 -0.017339261 -0.0040646067 0.13900585 -0.015187115 0.13491441 0.070516892 	-0.050893768	0.4424376
1100	0.018302757 0.048446141 0.059708668 0.00062758784 0.15107311 0.025100413 -9.902814e-05 0.081851655 0.0078549467 -0.017364593 -0.0044543407 0.133057 -0.014869779 0.13373468 0.068409418 	-0.051270634	0.035940758
1200	0.015906911 0.051532933 0.063641952 0.00059564384 0.16689644 0.025265612 0 0.080570808 0.0076989215 -0.018338622 -0.0053701829 0.12856134 -0.014326198 0.13250607 0.069401128 	-0.052198031	0.025864253
1300	0.012497661 0.054507475 0.067204001 -0.0001979887 0.18298411 0.027581896 0 0.079550336 -0.00051752686 -0.018676959 -0.0056946197 0.12417829 -0.014192314 0.1303912 0.067929079 	-0.053666978	0.24941254
1400	0.007958919 0.056584461 0.070063299 -0.00013869196 0.20013957 0.02839192 0 0.077688946 -0.003747919 -0.019377873 -0.0052778381 0.12185276 -0.014103471 0.1290385 0.067234616 	-0.054150431	0.058752409
1500	0.0021774623 0.057718733 0.072070465 0.00014621949 0.21776926 0.027322459 0 0.075447737 0.0026399714 -0.020312511 -0.0039233045 0.12033683 -0.013860475 0.12781536 0.065211755 	-0.055194334	0.029432916
1600	-0.00033993286 0.058408604 0.073351338 4.0808193e-05 0.23505854 0.026489735 0 0.074070477 0.0018095421 -0.020578959 -0.0020279461 0.11765081 -0.01417805 0.12511736 0.061005342 	-0.055885708	0.1540608
1700	0.0041355212 0.059181985 0.073785711 0 0.25301946 0.027871826 0 0.074434439 -0.0019715527 -0.02180887 -0.00095486073 0.11559396 -0.014948675 0.12220421 0.06148281 	-0.056484341	0.0076271883
1800	0.0051206683 0.059060033 0.073217365 0 0.27061145 0.028004353 0 0.074845017 0.0013137669 -0.022241976 -1.7924488e-06 0.1126228 -0.01580893 0.11847882 0.060898093 	-0.057027347	5.0677451
1900	0.0029826832 0.05783293 0.071851461 0 0.28745259 0.026120729 0 0.075197504 -0.0010048229 -0.020877863 -0.00029278312 0.10837654 -0.014678171 0.11402155 0.057376936 	-0.057649317	0.039959934
2000	-0.00065004646 0.056484317 0.069719365 0 0.30501589 0.026030943 0 0.07631746 0.00086466631 -0.02019065 -0.0014370788 0.1059571 -0.013956327 0.11083133 0.058270741 	-0.05819644	0.021222041
2100	0.0021539704 0.05480078 0.066937339 0 0.32220823 0.026982467 0 0.077590989 -0.0006427667 -0.019319874 -0.0024105241 0.10353642 -0.014249834 0.10786902 0.057238914 	-0.058689926	0.03764091
2200	0.0019174062 0.052199113 0.063423015 0 0.33878978 0.026677946 0 0.078192413 -0.00027220954 -0.018559155 -0.0021362409 0.10081544 -0.013836998 0.10516551 0.053594499 	-0.0591355	0.10778959
2300	-0.00029366342 0.049142924 0.059533307 0 0.35562257 0.026531127 0 0.078279978 0.00041129694 -0.017776696 -0.0014870094 0.099459983 -0.013896591 0.10346959 0.053403295 	-0.059528286	0.057924383
2400	0.001491627 0.046094797 0.055332525 0 0.37186833 0.028004311 0 0.078619808 0.00021900171 -0.017349504 -0.00081209038 0.097655023 -0.014278379 0.10165918 0.052489013 	-0.059860132	0.061436939
2500	3.995137e-05 0.042756016 0.050982367 0 0.38713239 0.029473199 0 0.078659082 0.00017368025 -0.016522628 -0.0001188974 0.094691581 -0.014272545 0.099227897 0.049455097 	-0.060182876	0.72612122
2600	0.00089356149 0.039108453 0.046774892 0 0.40223833 0.030144757 0 0.078082094 -8.1096431e-05 -0.015321413 -0.00034576 0.092331883 -0.013706978 0.097115674 0.049507689 	-0.060429031	0.09513663
2700	-0.00012381482 0.035461092 0.042717069 0 0.4166547 0.030914701 0 0.077563836 -1.5138725e-06 -0.01426597 -0.00021360212 0.089685449 -0.012905182 0.09479973 0.049223462 	-0.060616076	0.53704124
2800	0.00052224195 0.032117334 0.038981055 0 0.43020129 0.032547752 0 0.077483696 0 -0.013221108 -5.8502551e-05 0.086636865 -0.012821401 0.092151645 0.047029734 	-0.060766936	0.013910992
2900	0.00032537227 0.028905706 0.03568067 0 0.44355025 0.033886626 0 0.077557275 0 -0.012609951 -9.5806427e-07 0.084729691 -0.012616118 0.090171382 0.046788759 	-0.060886953	0.19284126
3000	0.00014977961 0.025673921 0.0329125 0 0.45628925 0.03406928 0 0.077480146 0 -0.011876605 0 0.083261898 -0.012263172 0.08843939 0.046215678 	-0.060966076	0.0012153255
3100	0 0.022772406 0.030721418 0 0.46813168 0.034316483 0 0.077826463 0 -0.011161047 -2.0354033e-05 0.081588887 -0.012099246 0.086564572 0.044015351 	-0.061021764	0.037450852
3200	0 0.020359634 0.029117791 0 0.47950643 0.035164923 0 0.078709481 0 -0.010992197 -3.2379187e-05 0.080459416 -0.012247979 0.084981609 0.043489655 	-0.061062401	0.035131922
3300	0 0.018102665 0.028111817 0 0.49004891 0.035375593 0 0.079439187 0 -0.010696795 0 0.079151533 -0.012439509 0.083279047 0.043088231 	-0.061073014	0.0012353627
3400	0 0.015970937 0.027642891 0 0.49953169 0.034950867 0 0.079976711 0 -0.010357805 -5.9704261e-06 0.077221024 -0.012162461 0.081309908 0.041600049 	-0.061078706	0.056381894
3500	0 0.014235429 0.027711297 0 0.50838926 0.035102099 0 0.080525373 0 -0.010273832 -9.7564023e-05 0.075616549 -0.012201437 0.079646425 0.041501145 	-0.061078189	0.016941436
3600	0 0.012791068 0.028226433 0 0.51643259 0.035633737 0 0.080953652 0 -0.010382734 -0.00010244599 0.074097819 -0.012374253 0.078239511 0.041378016 	-0.061061251	0.017437362
3700	0 0.011365979 0.029084273 0 0.52350297 0.035677175 0 0.08092589 0 -0.010464356 0 0.072482395 -0.012268096 0.077047089 0.040154964 	-0.061046184	0.00122264
3800	0 0.010036954 0.030238937 0 0.52993097 0.035655307 0 0.080616402 0 -0.010564886 -5.4526073e-05 0.071480919 -0.012202065 0.076437763 0.039941232 	-0.061028953	0.0030657977
3900	0 0.0088921231 0.031533978 0 0.53550473 0.036095497 0 0.080447139 0 -0.010913479 0 0.070621919 -0.012232122 0.076088561 0.039714076 	-0.061005168	0.0012296118
4000	0 0.0077882449 0.032905029 0 0.54003755 0.036550991 0 0.080372728 0 -0.011056148 0 0.069517899 -0.012318994 0.075674641 0.038709084 	-0.060981491	0.0015016443
4100	0 0.0065741586 0.034224843 0 0.5437826 0.036546188 0 0.080293967 0 -0.011253304 0 0.06865493 -0.012267545 0.075424461 0.038724773 	-0.060962588	0.0019057404
4200	0 0.0053275527 0.035437161 0 0.54662935 0.036491612 0 0.080425373 0 -0.011443032 0 0.067811559 -0.012290031 0.075147261 0.03890848 	-0.060942864	0.0022766138
4300	0 0.0041157772 0.036513412 0 0.54850847 0.036731919 0 0.080894395 0 -0.011569065 0 0.066871419 -0.01248117 0.074755106 0.03839445 	-0.060930706	0.0029610323
