15
100	0.017023148 0.033922403 0.031726195 0.038254698 0.011787444 0.090816026 0.063467286 0.071534193 0.028109487 0.07738424 0.073472207 0.019770352 0.10900918 0.024973321 0.0020145776 	-1.100193	0.22901575
200	0.025936593 0.052103724 0.036430273 0.052866582 0.01525434 0.13531889 0.077095608 0.09773062 0.045706847 0.048201053 0.075816738 0.0049295212 0.13475736 0.022134854 -0.0060951665 	-1.2195992	0.045959933
300	0.036322014 0.067961948 0.04112953 0.064739799 0.020723504 0.16458728 0.080392201 0.10973499 0.061529068 0.0025225918 0.06544512 -0.012456367 0.13787091 0.01154174 -0.0037108492 	-1.2638071	0.090852571
400	0.052223471 0.084779012 0.06010039 0.082117488 0.031138204 0.18410494 0.087179667 0.11573766 0.074818548 -0.0052515982 0.070063933 -0.015391193 0.14062537 0.001922719 -0.0079182422 	-1.2779159	0.062335264
500	0.069521021 0.097055445 0.081728301 0.097928463 0.042854558 0.18233888 0.080996013 0.10609437 0.080735215 -0.012599881 0.069053038 -0.01639284 0.1261589 -0.012589579 -0.0087077556 	-1.2942299	0.011852982
600	0.0897933 0.10963127 0.1088316 0.11830851 0.055799156 0.17319417 0.071695151 0.093615557 0.083432567 -0.011453829 0.075136525 -0.016006901 0.11639502 -0.026434969 -0.011447028 	-1.310572	0.0050839622
700	0.11208945 0.12437039 0.13712833 0.14260872 0.068970221 0.16430901 0.061178783 0.082973566 0.086100734 -0.019061367 0.082796502 -0.019294757 0.11230042 -0.040190923 -0.01234094 	-1.3258565	0.0073452982
800	0.1359342 0.14229796 0.16665373 0.1694842 0.081926699 0.16005325 0.053128965 0.075543018 0.090500614 -0.031797322 0.090491444 -0.024471566 0.10959519 -0.053927527 -0.01263274 	-1.3400631	0.0031143318
900	0.16068572 0.16261827 0.19810121 0.19710584 0.0942307 0.1589554 0.048275813 0.069130804 0.096192862 -0.041058379 0.097532817 -0.027960345 0.10236277 -0.067588282 -0.014287612 	-1.3525907	0.0023937747
1000	0.18528174 0.18339798 0.2296358 0.2240156 0.10522674 0.15632732 0.042864747 0.060934404 0.10167748 -0.049517762 0.10163531 -0.029324184 0.088311034 -0.080799952 -0.015315407 	-1.363432	0.0015761029
1100	0.20960661 0.20454486 0.26116636 0.25194962 0.11426535 0.15216236 0.03695625 0.053392376 0.10662932 -0.055510205 0.10734188 -0.028851792 0.076403769 -0.090876666 -0.017508233 	-1.3719537	0.0019061748
1200	0.23292665 0.22548117 0.29058286 0.28048488 0.12050765 0.14589122 0.02895846 0.046755099 0.11076266 -0.065544602 0.11298154 -0.028808863 0.068168432 -0.097567157 -0.018477797 	-1.3788161	0.0028614539
1300	0.25494523 0.24646322 0.31835226 0.30895632 0.12321889 0.13921595 0.021026231 0.04142478 0.11432143 -0.073355969 0.11911868 -0.028940244 0.061999373 -0.10167665 -0.019750484 	-1.3839171	0.0036831957
1400	0.2750697 0.26722375 0.34362693 0.33566515 0.12184769 0.13261541 0.013443131 0.036240415 0.11742033 -0.079295838 0.12275888 -0.029593325 0.052653431 -0.1049978 -0.01992436 	-1.3877947	0.0052492762
1500	0.29325167 0.28810147 0.36640931 0.36087135 0.1161944 0.12771453 0.0074074534 0.032431878 0.12038581 -0.082565192 0.12482943 -0.030891041 0.04211351 -0.10744202 -0.019748335 	-1.3908582	0.0070953776
1600	0.30940404 0.30891702 0.38607524 0.38501492 0.10633372 0.12429874 0.0022368874 0.030588886 0.1231055 -0.086453372 0.12576868 -0.033160981 0.033542928 -0.10837462 -0.0187636 	-1.3933867	0.023306912
1700	0.32344703 0.32910027 0.4026917 0.40803387 0.092490993 0.12076632 -0.0029315625 0.029790027 0.12495911 -0.089649852 0.126175 -0.035542917 0.027533586 -0.10767453 -0.017460993 	-1.3955567	0.017749822
1800	0.33526363 0.34810333 0.41627416 0.42927182 0.075000309 0.11568246 -0.0083255576 0.028457696 0.12546605 -0.091121284 0.1253228 -0.037155081 0.021856381 -0.1059971 -0.015832104 	-1.3975835	0.0066843321
1900	0.34501697 0.36619239 0.42703347 0.44877608 0.054384295 0.11001102 -0.013267541 0.02687534 0.12493427 -0.091246033 0.12328238 -0.037655838 0.016554804 -0.10361443 -0.014085615 	-1.3995181	0.0040364877
2000	0.35300392 0.38395322 0.43518357 0.46696311 0.031276212 0.10559914 -0.016662244 0.026139414 0.1239555 -0.09167404 0.1204498 -0.037214655 0.012938474 -0.10063644 -0.012312794 	-1.4013778	0.007715987
2100	0.35942024 0.40147857 0.44099679 0.48380176 0.0063226743 0.10269188 -0.018424288 0.026022002 0.12261433 -0.092524417 0.11681751 -0.035689154 0.010439361 -0.097558165 -0.010518732 	-1.4031629	0.040568916
2200	0.36440753 0.41846202 0.4448458 0.4990932 -0.019554665 0.10013936 -0.019336655 0.025396543 0.12058534 -0.092486959 0.11248778 -0.032662787 0.0077745966 -0.094889234 -0.0088582176 	-1.4046039	0.013389592
2300	0.36816722 0.43475727 0.44691959 0.51304165 -0.045143744 0.097167624 -0.020122512 0.023846504 0.11776318 -0.092044773 0.10790558 -0.028304286 0.0053782267 -0.092680436 -0.0072936992 	-1.4057879	0.0056291412
2400	0.37099329 0.4506015 0.44748456 0.52616527 -0.069958016 0.09416503 -0.020650858 0.021894381 0.11448891 -0.091988197 0.10394644 -0.023143223 0.004754594 -0.09072885 -0.0059057419 	-1.4067788	0.0034870242
2500	0.37308033 0.46617884 0.44673942 0.53849078 -0.093630126 0.091508318 -0.020721937 0.019548379 0.11117887 -0.09260631 0.10055875 -0.017685102 0.00523034 -0.089295444 -0.0045416909 	-1.4075637	0.0031846721
2600	0.37458769 0.48158263 0.4450223 0.54984677 -0.11581929 0.089320352 -0.020160838 0.01646558 0.10816758 -0.092737794 0.097582201 -0.012048592 0.00515948 -0.088668059 -0.0033272332 	-1.4081561	0.0046213361
2700	0.37567969 0.49686789 0.44245421 0.56032612 -0.13616732 0.087552705 -0.019155915 0.012616483 0.10572049 -0.092680698 0.094997037 -0.0065652178 0.0042117173 -0.088636009 -0.002213916 	-1.4085849	0.0081655776
2800	0.37657179 0.51211541 0.43917518 0.57037894 -0.15428311 0.086154314 -0.017967736 0.0084194998 0.10401416 -0.092942816 0.093399822 -0.0015608589 0.0036439361 -0.088469321 -0.0013085891 	-1.4088698	0.029382915
2900	0.37738637 0.52723251 0.43524239 0.58014689 -0.16986839 0.084642869 -0.017148024 0.003803961 0.10296966 -0.093699675 0.092834176 0.0024627776 0.0035759684 -0.087803486 -0.00051259214 	-1.4090431	0.014546268
3000	0.3782074 0.54214751 0.43086527 0.58952807 -0.18270171 0.082725909 -0.016925528 -0.0014296359 0.10244848 -0.093811182 0.093119349 0.0049438073 0.0030736566 -0.086673664 0.00018300924 	-1.409165	0.038939475
3100	0.37910623 0.55693238 0.42610034 0.59845233 -0.19257951 0.080663747 -0.017249356 -0.0064580492 0.10247226 -0.093416428 0.093792143 0.0060970471 0.0015229323 -0.085170148 0.00081052168 	-1.4092631	0.012498686
3200	0.38016488 0.57174195 0.42101206 0.60706896 -0.19942626 0.078986324 -0.01785225 -0.010541136 0.10301119 -0.093010014 0.094796984 0.0062414419 -0.00050948536 -0.083289665 0.0012215396 	-1.4093944	0.039203824
3300	0.38136914 0.58651425 0.41560288 0.6153638 -0.20335314 0.077584767 -0.018830021 -0.013674288 0.10373275 -0.092849071 0.095959623 0.0057496522 -0.0021734747 -0.081318571 0.0014030695 	-1.4095462	0.0074020361
3400	0.38261623 0.60102755 0.40990148 0.62307151 -0.20461929 0.075895869 -0.02041076 -0.016361481 0.10415052 -0.092353961 0.096942099 0.0051235838 -0.0040010861 -0.079856129 0.0014133508 	-1.4097245	0.0052158505
3500	0.38381654 0.61521725 0.4039279 0.63007503 -0.20355988 0.073842727 -0.02241255 -0.018698399 0.1040008 -0.091269348 0.097690459 0.0046017791 -0.0061461214 -0.079357054 0.0012982912 	-1.4099381	0.0033294802
3600	0.38490989 0.62919598 0.39761133 0.63648581 -0.20053051 0.07188199 -0.024331749 -0.020256077 0.10330771 -0.09032027 0.098401199 0.0040729069 -0.0077802946 -0.079930797 0.0011320299 	-1.4101777	0.0015107614
3700	0.38580619 0.6429829 0.39090503 0.64229732 -0.19586887 0.070170443 -0.025817676 -0.020941534 0.10212574 -0.089737425 0.099178698 0.0036470053 -0.0086416062 -0.081527504 0.00091492453 	-1.4104455	0.0025692294
3800	0.38636242 0.65640845 0.38377001 0.64727673 -0.18989598 0.068274424 -0.02689991 -0.021267471 0.10042742 -0.089085398 0.099852325 0.0036837825 -0.0094832683 -0.084054412 0.00063309961 	-1.4107212	0.0053960649
3900	0.38646343 0.6693581 0.37615215 0.65133187 -0.18291804 0.065899835 -0.027597787 -0.021552368 0.09828512 -0.088154282 0.10045317 0.0043437264 -0.010522893 -0.08717758 0.0002565244 	-1.4109981	0.016799995
4000	0.38603918 0.68186992 0.36793648 0.65458542 -0.17525727 0.063220901 -0.02776328 -0.021650093 0.095925618 -0.087449659 0.10121707 0.0053165545 -0.011106797 -0.090412608 -0.00012857056 	-1.411258	0.026953867
4100	0.38501824 0.69398786 0.35905086 0.65708399 -0.16730964 0.060464906 -0.02724638 -0.021511027 0.09350874 -0.087050738 0.1022708 0.0061328141 -0.011006378 -0.093470252 -0.00056108591 	-1.4115013	0.0055906327
4200	0.38332427 0.7056671 0.34948829 0.65868357 -0.15935678 0.057595431 -0.026113844 -0.021484621 0.091160525 -0.086442877 0.10341894 0.0066958067 -0.010940682 -0.096216712 -0.00095526321 	-1.4117299	0.0028778971
4300	0.3809262 0.71688931 0.33925795 0.65934056 -0.15158494 0.054627084 -0.02452974 -0.021798841 0.089004333 -0.085381168 0.10452476 0.0070243272 -0.011280532 -0.098432146 -0.0013204382 	-1.4119567	0.0023258895
4400	0.37785916 0.72772672 0.32836869 0.65923931 -0.14410934 0.051804563 -0.022640996 -0.022301206 0.087174229 -0.084241284 0.1057002 0.0070611246 -0.011464935 -0.099783869 -0.0016739303 	-1.412182	0.0018908417
4500	0.37417419 0.73822933 0.31687747 0.65853105 -0.13702433 0.049283107 -0.02066201 -0.022914576 0.085682313 -0.083233313 0.10700151 0.0067976093 -0.011120051 -0.10018471 -0.0020144769 	-1.4124096	0.0016994962
4600	0.36991443 0.7483819 0.304921 0.65719706 -0.13042038 0.047007885 -0.018861282 -0.023853822 0.084387011 -0.081981301 0.10827064 0.0063597283 -0.010667373 -0.099943406 -0.002324929 	-1.4126283	0.0013131318
4700	0.36515405 0.75822163 0.29266525 0.65526327 -0.12435006 0.045045728 -0.017380067 -0.025200307 0.083151108 -0.080267831 0.10938358 0.0058454726 -0.010401654 -0.099453467 -0.002581451 	-1.4128331	0.0010251723
4800	0.36001799 0.76788026 0.28027325 0.65293253 -0.11879487 0.043680805 -0.016190654 -0.026696554 0.081928606 -0.078443508 0.11042388 0.0052864263 -0.0099167587 -0.098920987 -0.0027778843 	-1.4130143	0.0010598533
4900	0.35463718 0.77744907 0.26792759 0.65039135 -0.1136787 0.043001913 -0.015304428 -0.028181454 0.080659286 -0.076813741 0.11146683 0.0048343156 -0.0089258439 -0.098469415 -0.0029367961 	-1.4131712	0.0012994622
5000	0.34911848 0.78691805 0.25584718 0.64768516 -0.10890429 0.042733535 -0.014832448 -0.029822429 0.079218241 -0.075208592 0.11244783 0.0047843074 -0.0077848213 -0.098266651 -0.0031025545 	-1.4132998	0.0013623227
5100	0.34356706 0.79629393 0.2442397 0.64487268 -0.10438507 0.042616777 -0.014787366 -0.031736855 0.077534414 -0.07349998 0.1133421 0.0052811918 -0.0067965343 -0.098432795 -0.0033009403 	-1.4134033	0.0014289786
5200	0.33810043 0.80567595 0.23326498 0.64213207 -0.1000619 0.04266341 -0.014977149 -0.033738364 0.075667793 -0.071957126 0.11428345 0.0061570952 -0.0057258233 -0.09896263 -0.0035179083 	-1.4134791	0.002107002
5300	0.33281816 0.81515969 0.22305372 0.63961555 -0.095901441 0.042885849 -0.015181305 -0.035651309 0.073720291 -0.070812517 0.11537707 0.0071381629 -0.0044110374 -0.099820968 -0.0037173005 	-1.4135312	0.0030684714
5400	0.32778421 0.82475553 0.21374037 0.63734809 -0.09187528 0.043059922 -0.015304853 -0.037562562 0.071754872 -0.069869591 0.11658746 0.008091546 -0.0031986987 -0.10097666 -0.0038905144 	-1.4135618	0.0031508316
5500	0.32304503 0.83444293 0.20542507 0.63534181 -0.087947674 0.042904704 -0.01534552 -0.039595661 0.069839527 -0.068931772 0.11785428 0.0089637085 -0.0024198045 -0.10228904 -0.0040494743 	-1.4135791	0.0024571529
5600	0.31864853 0.84424801 0.19814801 0.63370576 -0.084084635 0.042341212 -0.015283323 -0.041649594 0.068100647 -0.068152138 0.11922087 0.0096489953 -0.0018954737 -0.10346724 -0.0042135517 	-1.4135898	0.0026620215
5700	0.31462492 0.85420825 0.19190917 0.63253769 -0.080281094 0.041412839 -0.015100049 -0.043564769 0.066658023 -0.067744501 0.12069647 0.010025514 -0.0013882167 -0.10426875 -0.0043860758 	-1.4136034	0.0034020628
5800	0.31097044 0.86431704 0.18671677 0.63181331 -0.076573313 0.040122096 -0.014821676 -0.045341318 0.065541279 -0.067535738 0.12215827 0.01007008 -0.0010835968 -0.10466687 -0.0045693427 	-1.4136235	0.00073554753
5900	0.30765679 0.87454025 0.18255808 0.63145723 -0.073030985 0.038467821 -0.014526703 -0.047031727 0.064701385 -0.067263087 0.12343612 0.0097986229 -0.0012630191 -0.10477794 -0.0047453082 	-1.4136517	0.0031559685
6000	0.30465469 0.88486604 0.17937681 0.63147407 -0.069731634 0.036570036 -0.014296522 -0.04852565 0.064074965 -0.066947286 0.124492 0.0092085581 -0.0017475622 -0.10467959 -0.0048939252 	-1.4136846	0.0028501446
6100	0.30192676 0.89527655 0.17708287 0.63189283 -0.066746913 0.034569657 -0.014240572 -0.049670338 0.063583333 -0.066783065 0.12534267 0.0083531718 -0.0021634531 -0.10441513 -0.0049982607 	-1.4137198	0.0015408727
6200	0.2994152 0.90570946 0.17560263 0.63265392 -0.064141528 0.032500767 -0.014486987 -0.050480171 0.063116224 -0.066704802 0.12594071 0.0074455194 -0.0024823694 -0.10408528 -0.0050751067 	-1.4137551	0.0014320815
6300	0.29704636 0.91608771 0.17486211 0.63363385 -0.061983384 0.030370948 -0.015119425 -0.051064739 0.062578234 -0.06653651 0.12618838 0.0067328384 -0.0029290924 -0.10383409 -0.0051423079 	-1.4137907	0.0018046647
6400	0.29475211 0.92638045 0.17476536 0.63476756 -0.060346534 0.028323713 -0.016092535 -0.051401525 0.061952164 -0.066310881 0.12610291 0.0063219594 -0.0034625889 -0.10373706 -0.0052062376 	-1.4138269	0.0014176533
6500	0.29246698 0.93657282 0.17519397 0.63603401 -0.05930857 0.026526261 -0.017302662 -0.051408845 0.061266289 -0.066233433 0.12579406 0.0061763073 -0.0038407171 -0.10380243 -0.0052465018 	-1.4138635	0.00075201602
6600	0.29011838 0.94660237 0.17605098 0.63736456 -0.058936872 0.02496122 -0.018685575 -0.051168129 0.060525261 -0.06628915 0.1253616 0.0062675967 -0.0040474838 -0.10403393 -0.0052506209 	-1.4138992	0.00078356686
6700	0.28763212 0.95636966 0.17725753 0.63864765 -0.059274183 0.023462685 -0.020218352 -0.05090095 0.059720038 -0.066307173 0.12486193 0.006597734 -0.0042913008 -0.10441744 -0.0052130168 	-1.4139325	0.00078559042
6800	0.28495543 0.96581478 0.17873479 0.6398287 -0.060326688 0.021960678 -0.021816908 -0.050727104 0.058897727 -0.066278026 0.12439761 0.0071188701 -0.004590591 -0.10484216 -0.005137484 	-1.4139634	0.00081637158
6900	0.28205989 0.97492948 0.18040096 0.64090962 -0.062063485 0.020531469 -0.023330785 -0.050636179 0.058157398 -0.066391834 0.12408472 0.0077241484 -0.0047785494 -0.1051368 -0.0050246002 	-1.4139922	0.000801797
7000	0.27892947 0.98370317 0.18220553 0.64186461 -0.064420923 0.019234484 -0.024629059 -0.050669097 0.057568549 -0.066692019 0.12395972 0.0083483223 -0.0048706115 -0.10518727 -0.004884109 	-1.4140208	0.00075456546
7100	0.2755564 0.99209701 0.18412969 0.64262997 -0.067308294 0.018028752 -0.025669109 -0.050964866 0.057123756 -0.067029069 0.12397274 0.0089806151 -0.0050884202 -0.10497298 -0.0047248574 	-1.4140493	0.00070158826
7200	0.27195289 1.0000809 0.18616154 0.64319158 -0.070610341 0.016881975 -0.026468326 -0.051593734 0.056771273 -0.067332306 0.12410042 0.009584796 -0.0054625238 -0.1044919 -0.004547696 	-1.4140771	0.00069422075
7300	0.26815219 1.0076537 0.18828438 0.64360178 -0.074191102 0.015836849 -0.027067547 -0.052497627 0.056450072 -0.067711807 0.12436023 0.010084135 -0.0057559001 -0.10373894 -0.0043435562 	-1.4141014	0.00061548493
7400	0.26419487 1.0148188 0.19049984 0.64389648 -0.077899407 0.014943828 -0.027523946 -0.053621967 0.056089356 -0.068202935 0.12471556 0.010459464 -0.0058396854 -0.10276877 -0.0041132793 	-1.4141202	0.00058038311
7500	0.26011928 1.0215711 0.19283178 0.6440574 -0.081576957 0.014220097 -0.027905961 -0.054978298 0.055618379 -0.068673639 0.12503997 0.010783269 -0.0058576807 -0.10170928 -0.0038721422 	-1.4141314	0.0006197619
7600	0.25596622 1.0279205 0.19530036 0.64408048 -0.085068079 0.013711117 -0.028264626 -0.056526711 0.055004269 -0.069048991 0.12522336 0.011130272 -0.0059088077 -0.10067475 -0.0036395475 	-1.4141359	0.00061522386
