15
100	0.020912645 0.029895962 0.05880825 0.039439756 0.021646554 0.066431264 0.085735867 0.055551371 0.028071378 0.19138939 0.1161581 0.065284305 0.1032232 0.031451215 0.042181222 	-4.6635173	0.0068966958
200	0.029947286 0.036500184 0.087280343 0.047841423 0.024506452 0.067381599 0.1119786 0.051733231 0.02721752 0.27378848 0.15323322 0.088133618 0.10294196 0.025511963 0.0010414716 	-4.8700785	0.41926288
300	0.036359073 0.03416737 0.10687661 0.044082905 0.028334871 0.038575729 0.11343193 0.020210739 0.015922913 0.31076683 0.1579257 0.10803359 0.055750815 0.0024102586 0.0045939234 	-4.9569579	0.11162043
400	0.046502171 0.036343159 0.13101111 0.046996585 0.032586784 0.016837907 0.11771105 -0.0040874336 0.0033039779 0.33869957 0.16978224 0.12681847 0.023062771 -0.023192703 -0.0039583013 	-4.9885598	0.03224774
500	0.061248827 0.045906384 0.1591448 0.060280074 0.039317269 0.011841217 0.12660161 -0.011165256 -0.0067350966 0.35204518 0.19088175 0.14320856 0.019389172 -0.04598875 -0.0047164916 	-5.0029993	0.019827363
600	0.077037022 0.056702687 0.18356447 0.074858354 0.046122471 0.0076551233 0.12661899 -0.016608626 -0.016740073 0.33138791 0.20110547 0.14960682 0.015513656 -0.070990267 -0.0025159765 	-5.0207213	0.012083973
700	0.095281056 0.070837658 0.20935995 0.093283166 0.054693555 0.0089575772 0.12538825 -0.017033453 -0.02310463 0.29677591 0.20978685 0.15312399 0.017464071 -0.092944823 -0.004686288 	-5.039807	0.0051956777
800	0.11620146 0.08750769 0.24018286 0.11456197 0.066343919 0.011799229 0.12683266 -0.016714674 -0.025362386 0.26581654 0.22194052 0.16070056 0.019729346 -0.11131296 -0.0054171591 	-5.0553714	0.0084530203
900	0.13836637 0.10354246 0.27516034 0.13489662 0.079492199 0.0069965095 0.12802727 -0.023795818 -0.026924212 0.24133944 0.23410778 0.17192577 0.010100832 -0.12982338 -0.0073370078 	-5.0711158	0.012230566
1000	0.16210423 0.12021624 0.31477947 0.15655864 0.094031781 -0.00092371582 0.13096378 -0.032830197 -0.027176779 0.22572539 0.24982081 0.18582217 -0.0011617486 -0.14641787 -0.011121123 	-5.0864929	0.096104382
1100	0.18674563 0.13751791 0.35640958 0.17950239 0.10911989 -0.0093068809 0.13319517 -0.041163303 -0.026717393 0.21030475 0.26570876 0.19795287 -0.0099879809 -0.16175311 -0.013661917 	-5.0992013	0.0095758669
1200	0.21138453 0.15493082 0.39755086 0.20258342 0.12341575 -0.017225881 0.13225379 -0.048271624 -0.026794704 0.18774465 0.27738442 0.20458832 -0.017105817 -0.17747206 -0.016221215 	-5.1106737	0.0035493176
1300	0.23614356 0.1732782 0.43913696 0.22637101 0.13707549 -0.021386469 0.13072666 -0.051686368 -0.026725663 0.16292452 0.28700363 0.20724091 -0.019762105 -0.19261378 -0.017443745 	-5.1208476	0.0014818092
1400	0.26051513 0.19150657 0.48166594 0.24918117 0.14966856 -0.024834999 0.12915944 -0.054845316 -0.027320785 0.14102801 0.29448004 0.20758281 -0.024152338 -0.20807976 -0.018721989 	-5.1290148	0.0026918727
1500	0.28426711 0.20898247 0.52560051 0.2705517 0.16126854 -0.029669539 0.12795884 -0.059131792 -0.028678274 0.12593505 0.30071401 0.2074833 -0.031211779 -0.22303795 -0.019842783 	-5.1359865	0.00210753
1600	0.30726612 0.22567448 0.57047212 0.29107408 0.17197915 -0.035674198 0.12667801 -0.06293327 -0.030356008 0.11643497 0.30593724 0.20732639 -0.036447201 -0.2355509 -0.020955147 	-5.1416956	0.0019515108
1700	0.32892643 0.24105034 0.61445447 0.31005733 0.18138517 -0.043374035 0.12309264 -0.066162507 -0.032491652 0.10629027 0.30701714 0.20570778 -0.039796362 -0.24541882 -0.022068055 	-5.1462808	0.0018086435
1800	0.34912828 0.25560647 0.65725003 0.32744953 0.18949302 -0.050146056 0.11803259 -0.067232418 -0.034290014 0.094655485 0.30368718 0.2028285 -0.040489676 -0.25219572 -0.022448204 	-5.1501877	0.0012048796
1900	0.36777139 0.26957547 0.69939046 0.34261666 0.19607898 -0.054465429 0.11327858 -0.066520051 -0.035542331 0.084611247 0.296812 0.19959502 -0.041791514 -0.25678234 -0.022993461 	-5.153395	0.00097499419
2000	0.38470577 0.28260079 0.7412649 0.35511505 0.20091705 -0.057359014 0.10948173 -0.065226956 -0.036670685 0.078743427 0.28764027 0.19671266 -0.04556777 -0.25992774 -0.023575114 	-5.1562007	0.00082271196
2100	0.39980766 0.29421006 0.78267119 0.36538805 0.20383868 -0.060634395 0.10592355 -0.063201509 -0.038155407 0.076518548 0.27747648 0.19397549 -0.048363051 -0.26112129 -0.023894251 	-5.15856	0.0007183332
2200	0.41276986 0.30377177 0.82270541 0.3732536 0.20446414 -0.066157072 0.10097371 -0.061045257 -0.040645748 0.074547625 0.26577289 0.19021973 -0.049319648 -0.260762 -0.023852244 	-5.1606745	0.00094726809
2300	0.42362758 0.31170285 0.86137808 0.37882255 0.20276456 -0.072045788 0.095412178 -0.05790367 -0.043645754 0.072431567 0.2532292 0.1853697 -0.048349557 -0.25917345 -0.023526461 	-5.1625239	0.00070249097
2400	0.43248365 0.31856691 0.89908845 0.38186278 0.19883964 -0.075855291 0.090753685 -0.053583801 -0.04640152 0.071402725 0.24062827 0.18002791 -0.048091104 -0.25718727 -0.022814346 	-5.1641459	0.00086950936
2500	0.43936711 0.32438806 0.9359527 0.38227042 0.19279411 -0.077476897 0.08724525 -0.048579332 -0.048572939 0.071621644 0.22852274 0.17464468 -0.049729545 -0.25506168 -0.022019375 	-5.1656876	0.0010974997
2600	0.44430859 0.32881402 0.97182927 0.3804797 0.18484049 -0.078704712 0.083967888 -0.043200983 -0.050099568 0.071988572 0.21764701 0.16945785 -0.050914911 -0.25195822 -0.021239663 	-5.1670543	0.0012098125
2700	0.44728468 0.33139782 1.0064611 0.37660184 0.17513491 -0.081529227 0.079816389 -0.038332724 -0.051125942 0.07110398 0.20808189 0.16451939 -0.050850344 -0.24758933 -0.020168328 	-5.1684343	0.001191644
2800	0.44845253 0.33241701 1.0401348 0.37078049 0.16388561 -0.08507761 0.075377771 -0.033882285 -0.05128502 0.069560997 0.2004108 0.1602625 -0.049878006 -0.24211394 -0.019086432 	-5.1698254	0.001284564
2900	0.4479701 0.33235023 1.073153 0.36292002 0.15122626 -0.087454144 0.071636182 -0.029700585 -0.050205141 0.068100861 0.19475505 0.15692484 -0.049785551 -0.23631172 -0.018124096 	-5.1712598	0.001350849
3000	0.44593209 0.33137834 1.1055055 0.35303912 0.13723237 -0.08797973 0.068687652 -0.025771255 -0.047934085 0.066260676 0.19084836 0.15425073 -0.051065822 -0.23074302 -0.017039309 	-5.1728096	0.0015077569
3100	0.44243539 0.32938771 1.1370891 0.34152894 0.12197785 -0.087470928 0.065922782 -0.022025476 -0.044887849 0.063193633 0.18871923 0.15181118 -0.051853113 -0.22530221 -0.015939073 	-5.1744209	0.001579706
3200	0.43755225 0.32610705 1.1678645 0.32857408 0.10555883 -0.087406777 0.062659648 -0.01902788 -0.041621937 0.058574076 0.18821364 0.14937906 -0.051361672 -0.22005668 -0.014608247 	-5.176131	0.0016049925
3300	0.43146356 0.32167518 1.1981692 0.31431457 0.088177224 -0.08769528 0.059272486 -0.016947926 -0.03822236 0.053562881 0.18944432 0.14723602 -0.049905649 -0.2151477 -0.013121188 	-5.1778937	0.0020165784
3400	0.42436551 0.31644677 1.2283129 0.29877358 0.070060599 -0.087273188 0.056419583 -0.015706138 -0.034499283 0.049148852 0.19211357 0.14565648 -0.048640459 -0.21079916 -0.01172022 	-5.1796744	0.0026261749
3500	0.41640752 0.31064336 1.2582789 0.28203021 0.051452651 -0.085575587 0.054089518 -0.015165116 -0.030334327 0.044910604 0.19539881 0.1445643 -0.048001235 -0.20699354 -0.010260843 	-5.1814431	0.003648843
3600	0.40774745 0.30433508 1.2879554 0.26445672 0.032602494 -0.082852309 0.051809297 -0.014999899 -0.025770614 0.03995887 0.19870554 0.14372873 -0.046699882 -0.20325191 -0.0088771466 	-5.1831459	0.0057924543
3700	0.39851939 0.29743413 1.3173174 0.24628139 0.01375164 -0.080040841 0.049070931 -0.0153876 -0.021043354 0.034001594 0.20155452 0.14306344 -0.044232197 -0.19930131 -0.0074644773 	-5.1847767	0.013651556
3800	0.38891067 0.29003727 1.3466562 0.22765768 -0.0048099358 -0.077416603 0.046088391 -0.016426572 -0.01627554 0.028139354 0.20394892 0.14279854 -0.041052356 -0.19511074 -0.006096379 	-5.1862443	0.039165416
3900	0.37911575 0.28238683 1.3762799 0.2087057 -0.022202713 -0.074614185 0.043334798 -0.017947242 -0.011521259 0.02351797 0.20591979 0.14304904 -0.037948392 -0.19083059 -0.0050191048 	-5.187468	0.0075610635
4000	0.36925936 0.27463341 1.4061607 0.18953141 -0.03810367 -0.07147235 0.040735635 -0.01968782 -0.006966357 0.019859682 0.20703792 0.14344513 -0.035328315 -0.18669279 -0.0040726851 	-5.188585	0.0062929893
4100	0.35946282 0.26690475 1.4361561 0.1704575 -0.052489988 -0.067968666 0.037962769 -0.021035732 -0.0028377242 0.016277411 0.20703461 0.14341909 -0.032316677 -0.18269367 -0.0032314551 	-5.1895979	0.013513867
4200	0.3498181 0.25922308 1.4661975 0.15169685 -0.06534155 -0.064494758 0.034721226 -0.021760534 0.00059641934 0.012321509 0.20581183 0.14261642 -0.028571039 -0.17888538 -0.0023000391 	-5.1905423	0.050493609
4300	0.34042373 0.25163874 1.496456 0.1333441 -0.076619048 -0.061346766 0.03117131 -0.02190228 0.0026283312 0.0086538373 0.20365819 0.14110243 -0.024585749 -0.17532919 -0.0012985306 	-5.1914156	0.0077678717
4400	0.33139541 0.24430399 1.5271882 0.11550401 -0.086230218 -0.058428623 0.027746955 -0.021395103 0.0032662173 0.0062341443 0.20103559 0.13917675 -0.020917072 -0.17189881 -0.00038299915 	-5.1922674	0.021339669
4500	0.32278036 0.23728015 1.5583635 0.098192921 -0.094102011 -0.055839047 0.024419216 -0.02030547 0.0029191695 0.004805468 0.1978734 0.13691713 -0.018125432 -0.16843743 0.00031807219 	-5.1930984	0.016213694
4600	0.31463519 0.2306625 1.5898397 0.081592601 -0.10007664 -0.053542059 0.020982452 -0.018379554 0.0021195357 0.0034722351 0.19410183 0.13438454 -0.015747643 -0.16456629 0.0010021418 	-5.193901	0.007622323
4700	0.30696686 0.2244692 1.6214573 0.065814226 -0.10418284 -0.05166795 0.01721792 -0.015537192 0.0012032819 0.0014381979 0.18970058 0.13144552 -0.013404082 -0.16015428 0.0014491177 	-5.1947015	0.016860113
4800	0.29976853 0.21869272 1.6532386 0.050853547 -0.10648234 -0.050357019 0.013243996 -0.011959057 0.00039977378 -0.0010207351 0.18494807 0.12818771 -0.011240336 -0.15535241 0.0018756481 	-5.1954799	0.021314643
4900	0.29299939 0.21330002 1.6852523 0.036609361 -0.10716788 -0.049699804 0.0093280034 -0.0079668072 -0.00014764703 -0.0026275503 0.18019473 0.12463218 -0.0097267788 -0.15059391 0.0019600414 	-5.1962263	0.010945751
5000	0.28658837 0.20824021 1.7173829 0.022997002 -0.10643661 -0.049694476 0.005469334 -0.0037549517 0.0001816451 -0.0035491893 0.17549471 0.12062546 -0.0089572818 -0.14633986 0.0020814257 	-5.1969469	0.031174504
5100	0.28046971 0.20351321 1.7494191 0.010088911 -0.10454933 -0.050069307 0.0015544153 0.00083064943 0.00068249745 -0.0046206042 0.17088471 0.11581875 -0.0081343776 -0.1429039 0.0020865261 	-5.1976148	0.059713541
5200	0.27459039 0.19913142 1.7812289 -0.0020521923 -0.10166318 -0.050499212 -0.0022196989 0.0052421801 0.0011073358 -0.0063265904 0.16645401 0.1101856 -0.0066867201 -0.14043 0.0023375787 	-5.1981726	0.060139311
5300	0.2688713 0.19504789 1.81276 -0.012922171 -0.09794694 -0.050858077 -0.0050370924 0.0089249855 0.0014762365 -0.0086154436 0.16224394 0.10395089 -0.0049964737 -0.13901288 0.0024837813 	-5.1985977	0.0079150008
5400	0.26324269 0.19119343 1.8440231 -0.022379796 -0.093449649 -0.051157582 -0.0067755813 0.011608963 0.0019047844 -0.011112377 0.15836082 0.097690373 -0.0035884596 -0.1385052 0.0027136136 	-5.1989984	0.003945646
5500	0.25763597 0.18749699 1.8749742 -0.0305127 -0.088254997 -0.05143346 -0.0075586792 0.013259271 0.0024570442 -0.013670271 0.15492354 0.091922974 -0.0024430147 -0.138569 0.0026193555 	-5.1993668	0.0045984629
5600	0.25196741 0.18386794 1.9054411 -0.037380794 -0.082424883 -0.051747132 -0.0077727648 0.01399199 0.0031202403 -0.016667081 0.15184347 0.087042261 -0.0012878502 -0.1388534 0.0024537407 	-5.1996943	0.0093449914
5700	0.24613285 0.18023185 1.9352034 -0.043076769 -0.076122428 -0.052026876 -0.0078224877 0.014028579 0.0037546049 -0.02056722 0.14893759 0.083188522 4.036243e-05 -0.13919133 0.0020610953 	-5.1999848	0.55358103
5800	0.24005193 0.17659583 1.9641706 -0.04767693 -0.069505599 -0.051931152 -0.0078061897 0.013738745 0.0042318252 -0.025201561 0.14627392 0.080492853 0.0011200477 -0.13954309 0.0015727471 	-5.2002251	0.0071793484
5900	0.23364701 0.17294303 1.9923166 -0.051232986 -0.062776384 -0.051278635 -0.0077280603 0.013466113 0.0043482581 -0.030016916 0.14411639 0.078940304 0.0017684637 -0.13998738 0.00098742773 	-5.2004248	0.0061843084
6000	0.22679484 0.1691059 2.019497 -0.053883553 -0.056188804 -0.05046502 -0.0078811706 0.013222686 0.0037783837 -0.03482232 0.14249268 0.078210326 0.0021135867 -0.14077312 0.0003398085 	-5.2005817	0.016332709
6100	0.21939709 0.16497471 2.0455632 -0.055723818 -0.049932497 -0.049749302 -0.00850137 0.013099373 0.0023720319 -0.039526646 0.14138696 0.077922745 0.0024239359 -0.14207273 -0.00010882611 	-5.2007051	0.026962448
6200	0.21139303 0.16057914 2.0704186 -0.056810158 -0.044195303 -0.048932711 -0.0095724269 0.013358204 0.00022278308 -0.043955222 0.14078036 0.07769679 0.0029248178 -0.14391636 -0.00050814298 	-5.2008003	0.10924702
6300	0.20272783 0.15595296 2.0939643 -0.05731217 -0.039013969 -0.047842047 -0.011046598 0.014011068 -0.0019171239 -0.048023049 0.14041238 0.077371571 0.0031983278 -0.14622236 -0.00076167309 	-5.200849	0.0090642296
6400	0.19336787 0.15110978 2.116143 -0.05735023 -0.034369085 -0.046472389 -0.012866631 0.01499006 -0.0031246068 -0.051600428 0.14008878 0.076932268 0.0029822035 -0.14872749 -0.0011125111 	-5.2008842	0.0029261753
6500	0.18330595 0.14602426 2.1369331 -0.056922573 -0.030186398 -0.045049931 -0.015031375 0.016246961 -0.0031685321 -0.05456397 0.1397826 0.076464067 0.0025813155 -0.15103481 -0.0013422825 	-5.2009209	0.0026307442
6600	0.17251044 0.14059913 2.1562522 -0.056064067 -0.026497967 -0.044002757 -0.017677969 0.017598001 -0.0020903246 -0.057072979 0.13934068 0.075868708 0.0022226269 -0.15291666 -0.0017150372 	-5.2009737	0.0077420713
6700	0.16098032 0.13484069 2.1740858 -0.054784114 -0.023313314 -0.043329864 -0.020722249 0.019036768 1.3249921e-05 -0.059127452 0.13868954 0.075099469 0.0020943511 -0.15426802 -0.0019820946 	-5.2010484	2.1008918
6800	0.14872104 0.12882655 2.190459 -0.053137898 -0.020707309 -0.042682276 -0.023901775 0.020615441 0.0024321137 -0.060619198 0.13774093 0.07405959 0.0020417604 -0.15519434 -0.0022363265 	-5.2011113	0.009484552
6900	0.13574823 0.12264674 2.2054164 -0.051192153 -0.018730107 -0.041675779 -0.026928238 0.022355049 0.0045130037 -0.061450353 0.13640365 0.072711322 0.001779307 -0.15584723 -0.0023755223 	-5.2011909	0.0041574619
7000	0.12209415 0.1163535 2.2190082 -0.048942112 -0.017386395 -0.040181394 -0.029628825 0.024239593 0.0061450823 -0.061634974 0.13467104 0.071090983 0.0013348941 -0.15624405 -0.0023355365 	-5.2012933	0.0035558239
7100	0.10778945 0.10991143 2.2312546 -0.046352277 -0.016660047 -0.038500499 -0.032046366 0.026103822 0.0072340578 -0.061398353 0.13254472 0.069261035 0.00092122831 -0.15629482 -0.0022634259 	-5.2014138	0.0031650837
7200	0.092888986 0.10330677 2.2422167 -0.043351553 -0.016455375 -0.036943638 -0.034206618 0.027801375 0.0078244165 -0.060900998 0.13011244 0.067411201 0.00081478655 -0.15582114 -0.0020232246 	-5.2015508	0.0016337814
7300	0.077457044 0.096594057 2.2519833 -0.039912103 -0.01668356 -0.035559737 -0.036020764 0.029229719 0.0080620828 -0.060219244 0.12743584 0.065722615 0.00096464061 -0.15473536 -0.0017860725 	-5.2017005	0.0020232208
7400	0.061563983 0.089889255 2.2606492 -0.036050383 -0.017247344 -0.034143092 -0.037327055 0.030344412 0.0081620409 -0.059415719 0.12451901 0.064326669 0.0010338569 -0.15309279 -0.0015539115 	-5.2018574	0.0026145391
7500	0.045288039 0.083322223 2.268307 -0.031743076 -0.018066615 -0.0324568 -0.037995676 0.031194833 0.0083099935 -0.058573033 0.12142595 0.063246177 0.00087089646 -0.15103139 -0.0012987838 	-5.2020194	0.0036307277
7600	0.028695059 0.076945384 2.2750162 -0.02693768 -0.019109227 -0.030579853 -0.038080818 0.031776619 0.0085534729 -0.057866938 0.11826307 0.062361132 0.00056915175 -0.14876094 -0.0011093291 	-5.2021802	0.0058298128
7700	0.011848739 0.070759814 2.2808456 -0.021559696 -0.020337484 -0.028813689 -0.037727141 0.032039592 0.0088667085 -0.057387024 0.11521789 0.061547411 0.00036902759 -0.1465029 -0.00085032424 	-5.2023357	0.01430623
7800	-0.0051354148 0.064786617 2.2858968 -0.01554952 -0.02172349 -0.02736717 -0.037020529 0.031956187 0.0092207098 -0.057045951 0.11250721 0.060719331 0.00038907075 -0.14448136 -0.00058058075 	-5.2024362	0.033811594
7900	-0.021491878 0.059091761 2.2902696 -0.0089083685 -0.023219486 -0.026217486 -0.035988256 0.031522533 0.0096440358 -0.056739416 0.11022654 0.059853845 0.00040438552 -0.142915 -0.0002991549 	-5.2024176	0.0090379137
8000	-0.036957355 0.05377969 2.2940425 -0.0016449153 -0.024755375 -0.025149695 -0.034648805 0.030825906 0.010218643 -0.056462229 0.10837776 0.058978495 0.0001372999 -0.14193739 1.9358647e-05 	-5.2024028	0.13181531
8100	-0.051502308 0.048943025 2.2972716 0.0059607546 -0.026214729 -0.023989012 -0.033093744 0.030013463 0.011045048 -0.056318319 0.10695014 0.058197553 -0.00018666671 -0.14153263 0.00014944036 	-5.2023283	0.028855211
8200	-0.06513656 0.044556779 2.2999428 0.013204236 -0.027469921 -0.022939198 -0.031614382 0.028971406 0.012137663 -0.056586531 0.10574573 0.057631218 -0.00023939269 -0.14168552 0.00044239072 	-5.20224	0.005349929
8300	-0.077858054 0.040638785 2.3021316 0.020072964 -0.028468391 -0.022044441 -0.030297078 0.027701447 0.01347289 -0.057124778 0.10478041 0.057415811 -0.00028735118 -0.14230791 0.00064476245 	-5.2021546	0.0047598344
8400	-0.089635433 0.037276532 2.3039882 0.026665175 -0.02913645 -0.021114121 -0.029044764 0.026418011 0.015055648 -0.05750649 0.10428137 0.057741086 -0.0003081439 -0.14321456 0.00059826435 	-5.2020753	0.0056229868
8500	-0.10049974 0.034422692 2.3054855 0.032930361 -0.029440233 -0.020335001 -0.028086298 0.025038093 0.016736194 -0.05791393 0.10406471 0.058552305 -0.00069983868 -0.14440569 0.00065875617 	-5.2020029	0.0078522929
8600	-0.11045262 0.032110007 2.3066299 0.038975257 -0.029411007 -0.019624697 -0.027514445 0.023803533 0.018347175 -0.05845611 0.10416452 0.059662719 -0.0011581844 -0.14580127 0.00046842094 	-5.2019361	0.0026256707
8700	-0.11949706 0.030364413 2.3074385 0.044884382 -0.029028302 -0.018913198 -0.027368637 0.022907226 0.019763572 -0.059160163 0.10461183 0.060933782 -0.0014358873 -0.14733012 0.00035573443 	-5.2018776	0.0081565497
