15
100	0.0039632681 0.0015793176 0.0056011516 0.014116869 0.017229612 0.0012393183 0.00082075693 0.0092415074 0.01874718 0.0072777329 0.021934488 0.036841715 0.043376626 0.054433283 0.037731852 	0.5721147	0.30030339
200	0.0029493551 -0.0035653114 0.00072979497 0.01830044 0.031984644 -0.006566939 -0.0096618038 0.0006278044 0.040034798 -0.016480989 0.019724079 0.075463158 0.046076043 0.12522735 0.017999997 	0.36852462	0.16824606
300	-0.00028626011 -0.0090083053 -0.0034347901 0.017825806 0.046288078 -0.0033852652 -0.0071654633 -0.012094951 0.062678928 -0.02278036 0.015939529 0.11803891 0.021996001 0.21267291 -0.020016165 	0.2044999	0.15673097
400	-0.005246568 -0.01653402 -0.010299109 0.019139459 0.055787192 -0.00062131187 -0.0045583912 -0.016577047 0.071024127 -0.033324965 0.022144869 0.13923744 0.0058062438 0.30239306 -0.030026807 	0.14153653	0.034331989
500	-0.012653743 -0.027125594 -0.020572694 0.021246462 0.054395066 -0.0026673929 -0.0040811723 -0.012913335 0.057273186 -0.046992779 0.039205902 0.1290343 -0.00011889735 0.37672119 -0.030577243 	0.10392203	7.9788236
600	-0.022111597 -0.038644141 -0.030759565 0.019891718 0.04481487 -0.00074932368 0.0039326399 -0.0078376642 0.029470919 -0.044288227 0.058365853 0.10172833 -0.017229894 0.43492094 -0.031803301 	0.070608324	0.059552808
700	-0.032112105 -0.05014703 -0.0416877 0.017841251 0.032123581 0.0053148075 0.012736227 -0.0026089312 -0.0051483111 -0.041277642 0.072654753 0.06863981 -0.029980533 0.48131588 -0.024866965 	0.051730924	0.071891544
800	-0.041245046 -0.061425146 -0.050966325 0.014989456 0.021971304 0.010512425 0.019469657 -0.0044269687 -0.034418209 -0.034782863 0.076855789 0.047841893 -0.038856169 0.52010501 -0.016211851 	0.047746485	0.012559222
900	-0.048953787 -0.07118111 -0.058539276 0.012863891 0.014824075 0.016450263 0.02379119 -0.010296747 -0.053621691 -0.029975691 0.072280864 0.040511543 -0.038703106 0.55328965 -0.014653325 	0.045851957	0.0058696531
1000	-0.055449982 -0.07929949 -0.064609845 0.011752212 0.0094393205 0.022600794 0.026460862 -0.017342469 -0.064281286 -0.027895526 0.062742343 0.042116252 -0.030610455 0.58062208 -0.021258169 	0.043652797	0.0049646228
1100	-0.061220688 -0.08648937 -0.06894956 0.010092211 0.0056010697 0.026642908 0.029006012 -0.02636659 -0.068607463 -0.02454393 0.049927841 0.050798965 -0.023760229 0.60122563 -0.023910635 	0.04265582	0.007173076
1200	-0.066728116 -0.092521563 -0.072529096 0.0082938905 0.00069910134 0.031243294 0.032896186 -0.033264963 -0.071238943 -0.023123705 0.037587121 0.058055248 -0.016823836 0.61261839 -0.027165437 	0.042780156	0.082088189
1300	-0.072140749 -0.098181725 -0.075269731 0.0066897913 -0.005218442 0.033541909 0.037247174 -0.037731863 -0.074208909 -0.021929088 0.028523745 0.062217393 -0.009350107 0.61573499 -0.02710819 	0.042854419	0.011681518
1400	-0.077458118 -0.10346963 -0.077059382 0.0050578596 -0.011502568 0.033736057 0.041759466 -0.040166848 -0.077304853 -0.019961981 0.022774605 0.063642646 -0.0038503031 0.61200441 -0.025109585 	0.042621158	0.010665882
1500	-0.082423044 -0.10764841 -0.077948874 0.0036166374 -0.017605151 0.034591662 0.046140707 -0.039952645 -0.078835745 -0.018899594 0.019625897 0.063483302 -0.0013238388 0.60376118 -0.023962037 	0.042375065	0.010582525
1600	-0.086733936 -0.11103565 -0.077718799 0.0030017284 -0.022250689 0.033917762 0.048072485 -0.038124487 -0.077257852 -0.018889872 0.019314733 0.064578421 -0.00035500134 0.59445046 -0.020594217 	0.042137598	0.020555798
1700	-0.090260499 -0.11347833 -0.076314551 0.0035506428 -0.02556888 0.032470461 0.047273324 -0.034946095 -0.072569396 -0.019849052 0.021689436 0.066829487 -0.00011293553 0.58530887 -0.019858755 	0.041723955	0.075784174
1800	-0.092993808 -0.11477627 -0.073776023 0.0049550612 -0.027483809 0.03181752 0.044488993 -0.03121236 -0.065056539 -0.021427099 0.025253441 0.070384394 -0.0022478937 0.57708512 -0.02107089 	0.041160441	0.013731707
1900	-0.095058542 -0.11543457 -0.070277554 0.0073160716 -0.028171416 0.030901512 0.039790314 -0.027826052 -0.056324132 -0.02331294 0.029775491 0.074619818 -0.0051391297 0.57016872 -0.021421399 	0.040741324	0.0045281027
2000	-0.09671134 -0.11565115 -0.06617838 0.010599814 -0.028610015 0.030422194 0.034466324 -0.024685099 -0.048604644 -0.025561134 0.035094891 0.077173632 -0.0073326266 0.56375779 -0.022598584 	0.040590165	0.0036148633
2100	-0.098197679 -0.11564777 -0.061601282 0.014152601 -0.028990525 0.030636437 0.029956336 -0.022595359 -0.042856727 -0.026889956 0.039862595 0.078006045 -0.010728395 0.557627 -0.022504688 	0.040583443	0.0035477623
2200	-0.0996726 -0.11570967 -0.056814735 0.018043343 -0.029524642 0.030957828 0.026624886 -0.021520334 -0.039642484 -0.027635091 0.043839059 0.076844568 -0.013773819 0.55201617 -0.021528562 	0.040615199	0.0023146016
2300	-0.10120519 -0.11589959 -0.052032993 0.022343968 -0.030126089 0.031259921 0.024698459 -0.021189956 -0.038557771 -0.028422077 0.046508929 0.074253398 -0.015381068 0.54756538 -0.020629968 	0.04066055	0.0019538377
2400	-0.10283317 -0.11620484 -0.047233012 0.026721028 -0.030290373 0.031472949 0.024494075 -0.021853607 -0.038417132 -0.028661778 0.046783488 0.072155673 -0.016869475 0.54512211 -0.019210861 	0.040669465	0.0016661885
2500	-0.10462796 -0.11669438 -0.042597319 0.03131299 -0.030103552 0.031333093 0.025599011 -0.022967434 -0.038845559 -0.028914028 0.045045452 0.070679936 -0.016981593 0.54491654 -0.019344831 	0.040568407	0.0015017572
2600	-0.10668399 -0.11745261 -0.038260342 0.035964795 -0.029441708 0.030737848 0.027513951 -0.024313701 -0.039523375 -0.029366129 0.041557217 0.070284492 -0.015949376 0.54694105 -0.019696326 	0.040383123	0.0012638075
2700	-0.10915215 -0.11848101 -0.034307889 0.040333712 -0.02857443 0.030250785 0.030145084 -0.025633576 -0.040653144 -0.029628668 0.036858726 0.070506275 -0.014925867 0.5503842 -0.020189375 	0.0402216	0.0013143915
2800	-0.11216366 -0.11991107 -0.030831039 0.044346618 -0.027934015 0.029807836 0.032940532 -0.026640549 -0.042787163 -0.02957303 0.032181784 0.070309984 -0.01375415 0.5542793 -0.021245964 	0.040131622	0.0013795053
2900	-0.11576105 -0.12175013 -0.027870919 0.047875987 -0.027499538 0.029558409 0.03535151 -0.027297394 -0.045791639 -0.029343356 0.028099596 0.069629703 -0.012900949 0.55816569 -0.021069547 	0.040084838	0.0013019828
3000	-0.11993743 -0.12385618 -0.025405396 0.050887126 -0.027408902 0.029998804 0.037185025 -0.027465964 -0.049317823 -0.02900938 0.025068676 0.068206214 -0.012589035 0.5615435 -0.020810153 	0.040060649	0.00094491134
3100	-0.1246228 -0.12622678 -0.023302456 0.053425876 -0.027477303 0.030617798 0.038010562 -0.027467861 -0.052625829 -0.02835624 0.023342353 0.066636467 -0.012769936 0.56442139 -0.020626296 	0.040054485	0.00083539044
3200	-0.12970343 -0.12866896 -0.021521995 0.055590229 -0.027413995 0.031601706 0.037715327 -0.02733998 -0.054778307 -0.027988342 0.022687658 0.065553042 -0.0132579 0.56698517 -0.02010654 	0.040043602	0.00075793778
3300	-0.13510675 -0.13105086 -0.019981433 0.057456149 -0.027223449 0.032961203 0.036580781 -0.027102433 -0.055388653 -0.027993606 0.022962105 0.065028652 -0.01385757 0.56907113 -0.020314861 	0.040002499	0.00074089676
3400	-0.14079268 -0.13342516 -0.018545026 0.059012397 -0.026860843 0.03402049 0.034910677 -0.027070795 -0.054469951 -0.027915462 0.023965117 0.065260635 -0.014698391 0.57052421 -0.020802021 	0.039936464	0.00074294912
3500	-0.14672357 -0.13566361 -0.01724576 0.060337371 -0.026438837 0.035104773 0.033232286 -0.026969092 -0.052391551 -0.028273979 0.025373431 0.065769267 -0.015496556 0.57104321 -0.021151342 	0.03986955	0.00071647285
3600	-0.1528808 -0.13779298 -0.016022077 0.061491653 -0.026144068 0.035963436 0.031934911 -0.026765487 -0.049841711 -0.028835289 0.027071254 0.066074231 -0.016056923 0.57031003 -0.021453504 	0.039806811	0.00077174879
3700	-0.15922394 -0.13985502 -0.014761687 0.062480527 -0.025993149 0.036271276 0.031215311 -0.02664166 -0.04732143 -0.029109504 0.028787318 0.066145279 -0.016617364 0.56829636 -0.021319757 	0.039739797	0.00086447737
3800	-0.1656596 -0.14168025 -0.013460566 0.06344792 -0.025945601 0.036584516 0.031147887 -0.026358011 -0.045042589 -0.029534242 0.030146792 0.065881491 -0.016983132 0.56523501 -0.020901361 	0.039675973	0.0010008747
3900	-0.17208177 -0.14326887 -0.012007495 0.064560582 -0.025833861 0.036625116 0.031398373 -0.026053772 -0.043072155 -0.029935902 0.031010253 0.06562902 -0.016945624 0.56165584 -0.020372096 	0.03963133	0.0013143819
4000	-0.17839005 -0.14456049 -0.010294412 0.065907461 -0.025460405 0.03641747 0.031709243 -0.025868871 -0.0413134 -0.030107069 0.031162515 0.065802325 -0.016744499 0.55814314 -0.019957399 	0.039604712	0.0017879661
4100	-0.18450651 -0.14541315 -0.0083206703 0.067608156 -0.024727634 0.036470297 0.031927621 -0.025629825 -0.039721343 -0.030383383 0.030511114 0.066400774 -0.01639839 0.55517006 -0.019967368 	0.039581195	0.0025400051
4200	-0.19041369 -0.14591743 -0.006051997 0.069740035 -0.023595384 0.036401084 0.031759977 -0.025446327 -0.038489448 -0.030579493 0.029359557 0.067350584 -0.015861778 0.55307952 -0.020162516 	0.039553999	0.0039896487
4300	-0.19614683 -0.14607685 -0.0035194903 0.072254768 -0.022167214 0.036378024 0.031321658 -0.02525538 -0.03786625 -0.030630477 0.027951637 0.06821979 -0.01549055 0.55189558 -0.020527676 	0.039523591	0.0074811892
4400	-0.20176631 -0.14589625 -0.0008013687 0.075085051 -0.020571416 0.036613001 0.030816837 -0.024953614 -0.038038347 -0.030652159 0.026542741 0.0685238 -0.015506149 0.55152397 -0.020871008 	0.039482858	0.034908421
4500	-0.20733841 -0.14550979 0.001804769 0.078190319 -0.018875242 0.036682882 0.030263618 -0.024682178 -0.039060968 -0.030520153 0.025489535 0.068092547 -0.015777622 0.55189323 -0.020862253 	0.039443624	0.012482511
4600	-0.2129066 -0.14488559 0.0036049063 0.081491477 -0.017120306 0.036812341 0.029937468 -0.024450072 -0.040666445 -0.030257238 0.024843527 0.066941206 -0.016344475 0.55286689 -0.020760686 	0.039397575	0.0038676245
4700	-0.2184925 -0.14402671 0.0046057957 0.084906589 -0.015238133 0.036980753 0.029910317 -0.024440266 -0.042406024 -0.029911609 0.024462236 0.065460365 -0.017224453 0.55437035 -0.020599341 	0.039350806	0.0013542467
4800	-0.22410004 -0.1429746 0.0048569767 0.088446146 -0.013168816 0.036966547 0.030051476 -0.024788849 -0.043908416 -0.029611011 0.024300079 0.064044706 -0.017985667 0.55630841 -0.020524836 	0.03930753	0.0016437141
4900	-0.22973642 -0.14168919 0.0044026575 0.092056677 -0.010907774 0.036980942 0.030395411 -0.025478913 -0.044919654 -0.029471569 0.024170837 0.06295381 -0.018576726 0.55843151 -0.020736996 	0.039263979	0.0021589895
5000	-0.23542349 -0.14020389 0.0033172264 0.095655331 -0.0084854918 0.036987428 0.030919725 -0.02653388 -0.04544043 -0.029316178 0.023981778 0.062366066 -0.019121183 0.56040982 -0.02107987 	0.039220092	0.0041714869
5100	-0.24118614 -0.13857103 0.0016391479 0.099242888 -0.0060234734 0.036915865 0.031514901 -0.027786827 -0.045732673 -0.029153737 0.023837675 0.06212049 -0.019394436 0.56186218 -0.021506327 	0.039177903	0.011989249
5200	-0.24704193 -0.13679328 -0.00056089077 0.10278481 -0.0036168544 0.036897579 0.032153043 -0.02902593 -0.046042136 -0.029005156 0.023748623 0.062047642 -0.019486437 0.56247354 -0.021796472 	0.039138461	0.041416968
5300	-0.25300016 -0.13490211 -0.0025489762 0.10623166 -0.0013138372 0.036860632 0.03274498 -0.03017277 -0.046537578 -0.02875695 0.023693998 0.062088046 -0.019669854 0.56207822 -0.021856182 	0.039107384	0.017057913
5400	-0.25904282 -0.13288666 -0.0040580495 0.10964171 0.00079718922 0.036807579 0.033161499 -0.031032649 -0.047233171 -0.028546024 0.023738237 0.062187031 -0.019808123 0.56073679 -0.021845846 	0.039074613	0.022652247
5500	-0.26513888 -0.13072254 -0.0050878496 0.11305276 0.0021117949 0.036721775 0.033300481 -0.031527742 -0.047913772 -0.028451591 0.023842731 0.062538278 -0.019934848 0.55874709 -0.021626351 	0.039043697	0.0042811421
5600	-0.27126069 -0.128395 -0.0056225385 0.11646932 0.0026293331 0.036535412 0.033128161 -0.031714548 -0.04830561 -0.028396053 0.023931084 0.063356569 -0.020244828 0.5564682 -0.021352637 	0.039005757	0.00060765684
5700	-0.27738416 -0.12588376 -0.0056815438 0.11994976 0.0024601698 0.036262789 0.032647275 -0.031592464 -0.048232331 -0.028478112 0.024026135 0.064616576 -0.020618268 0.55423544 -0.021374468 	0.038961137	0.001895669
5800	-0.28350269 -0.1232089 -0.0052957377 0.12351136 0.0017165487 0.035856498 0.031893035 -0.031271622 -0.047635027 -0.028743464 0.024133617 0.066245794 -0.021036224 0.55234227 -0.021431589 	0.038912266	0.0059466799
5900	-0.28963865 -0.12040315 -0.0045033344 0.12712007 0.00038979608 0.035371108 0.03103879 -0.030881076 -0.046679716 -0.029096528 0.024285623 0.067914979 -0.021600096 0.55086437 -0.021551691 	0.038865021	0.042034686
6000	-0.29582469 -0.11752187 -0.0033558176 0.13074493 -0.0012623442 0.034848443 0.03023874 -0.03054633 -0.04565055 -0.029461237 0.024538836 0.069221571 -0.022300302 0.54978449 -0.021706097 	0.038834385	0.012032292
6100	-0.30209151 -0.11463015 -0.001913898 0.13435655 -0.0026144915 0.034303472 0.029567723 -0.030395772 -0.04480003 -0.029832855 0.024883937 0.06990446 -0.023063994 0.54908971 -0.021628413 	0.038807051	0.0082166142
6200	-0.30846755 -0.1117654 -0.0002225893 0.13791774 -0.0037114289 0.033849356 0.029128424 -0.030496213 -0.044308107 -0.030134034 0.02526311 0.069819767 -0.02383376 0.54872173 -0.021485837 	0.038773669	0.081068034
6300	-0.31496819 -0.10896865 0.0013101995 0.14138768 -0.0045206363 0.033489466 0.028928859 -0.030929329 -0.044170695 -0.030243561 0.025536206 0.069175696 -0.02458669 0.54871709 -0.021195433 	0.038749194	0.0090037549
6400	-0.32159071 -0.1062514 0.0021049552 0.14477654 -0.0049873591 0.033248649 0.028918412 -0.031650271 -0.044285422 -0.030156931 0.025598347 0.068277762 -0.025120795 0.5491381 -0.020857068 	0.038720001	0.0020819225
6500	-0.32832901 -0.1036172 0.0022001848 0.14807674 -0.0050691271 0.033120542 0.029027636 -0.032594835 -0.044539251 -0.02988321 0.025334477 0.06743661 -0.025391267 0.54998394 -0.020711588 	0.038684039	0.0010633016
6600	-0.3351743 -0.101065 0.0016525036 0.15127206 -0.004724605 0.03307719 0.029192736 -0.033670313 -0.044853764 -0.029448084 0.024680941 0.066921876 -0.02547428 0.55119663 -0.020707434 	0.038641319	0.0051387835
6700	-0.34212021 -0.098592652 0.00051511193 0.15437987 -0.0039906672 0.033088804 0.029366632 -0.03470154 -0.045288204 -0.028948499 0.023745717 0.066741233 -0.025333361 0.55259709 -0.020882241 	0.038595834	0.027255732
6800	-0.34916304 -0.096204913 -0.00091991541 0.15739223 -0.002926458 0.033088293 0.029544671 -0.035577605 -0.045952078 -0.028378468 0.022692309 0.066810379 -0.025105366 0.5539416 -0.021137506 	0.038562527	0.013708646
6900	-0.35629899 -0.093893404 -0.0019094679 0.16029107 -0.0015950182 0.03306359 0.029712304 -0.03623125 -0.046923916 -0.027875328 0.021640334 0.06696285 -0.02499385 0.55498757 -0.021331849 	0.038536033	0.0090587796
7000	-0.36351126 -0.091635311 -0.0023841601 0.16311313 -4.2523564e-05 0.033020767 0.029857211 -0.036590826 -0.048190848 -0.027555189 0.020794905 0.067042779 -0.024957175 0.55558451 -0.021448425 	0.038506836	0.39111414
7100	-0.37077876 -0.089422556 -0.0023084085 0.16586824 0.0012717979 0.032869468 0.029954561 -0.036745457 -0.049588244 -0.02734326 0.020277714 0.067092016 -0.025075181 0.55570823 -0.021429269 	0.038487671	0.0076995408
7200	-0.37806849 -0.087201215 -0.0016702672 0.16857161 0.0019348087 0.032698494 0.029992501 -0.036781981 -0.050807718 -0.027296219 0.020068002 0.067232459 -0.025413143 0.55545051 -0.021278345 	0.038462516	0.0054688332
7300	-0.38534397 -0.084938592 -0.00047424908 0.17127741 0.0020589473 0.032507592 0.029882968 -0.036798816 -0.051553682 -0.027514791 0.020141108 0.067575482 -0.02581836 0.55497375 -0.021142847 	0.038430545	0.031079518
7400	-0.3925825 -0.082629623 0.0010350482 0.17400851 0.0017370546 0.032243982 0.029583416 -0.036927096 -0.051638796 -0.027910849 0.02044322 0.068213718 -0.026237262 0.55441926 -0.021127004 	0.038400691	0.013182341
7500	-0.39977239 -0.080247888 0.0021727793 0.17676642 0.0010188501 0.032034713 0.029188608 -0.037192844 -0.051036172 -0.028330624 0.020901156 0.0691212 -0.02670154 0.55385221 -0.021207007 	0.038369096	0.0090068334
7600	-0.40691662 -0.077822487 0.0029065198 0.17956382 -0.00010269471 0.031837798 0.028717524 -0.03760149 -0.049959051 -0.028702055 0.02147646 0.070099634 -0.027141642 0.55325474 -0.021323179 	0.038337459	0.13814649
7700	-0.41401864 -0.075381046 0.0032446415 0.18241081 -0.0010768196 0.031636568 0.028204427 -0.038108333 -0.048718489 -0.028996865 0.022110624 0.070907942 -0.027525193 0.55257881 -0.021363211 	0.038319496	0.0067318125
7800	-0.42107912 -0.072928747 0.0032123934 0.18530221 -0.0015600006 0.031501158 0.027750353 -0.03863407 -0.047623236 -0.029136837 0.022716976 0.071341888 -0.027932121 0.55176613 -0.021365126 	0.038301838	0.0016224435
7900	-0.42808847 -0.070489418 0.0028527035 0.18825569 -0.0015700539 0.031359962 0.027379365 -0.039136455 -0.046891954 -0.029040391 0.023231831 0.071367137 -0.028356992 0.55085159 -0.021268977 	0.038281403	0.0017929051
8000	-0.43502278 -0.068057163 0.0022021624 0.19131059 -0.0010744442 0.031205362 0.027078791 -0.039553997 -0.046582439 -0.02879124 0.023557686 0.071078942 -0.028724727 0.54995932 -0.021039138 	0.038257457	0.0070561808
8100	-0.44185496 -0.065610556 0.0013140023 0.19448972 -2.920367e-05 0.031061821 0.02685941 -0.039869444 -0.046634289 -0.02842858 0.023592967 0.070657989 -0.029048428 0.54922625 -0.020868823 	0.038230107	0.45814361
8200	-0.44855998 -0.063148303 0.00025599778 0.19781089 0.0011483691 0.030857777 0.026701991 -0.040137564 -0.046929539 -0.027929743 0.023303615 0.070350133 -0.029340165 0.54879519 -0.020815532 	0.038212375	0.043898547
8300	-0.45511757 -0.060653331 -0.00062970166 0.2012975 0.0020203325 0.030622608 0.026579214 -0.040375846 -0.047344753 -0.027459908 0.022695889 0.070299903 -0.029549195 0.54876213 -0.020797696 	0.038198816	0.0078650589
8400	-0.46153189 -0.058129811 -0.00069085706 0.2049336 0.0026018148 0.030375801 0.026469634 -0.040630582 -0.047837331 -0.027196656 0.021814385 0.070476076 -0.029716477 0.54909489 -0.020885257 	0.038178725	0.0051640075
8500	-0.46782847 -0.055609485 7.5180766e-05 0.20867522 0.0028736771 0.0300859 0.026407365 -0.040960654 -0.048422111 -0.027088511 0.020814798 0.070789706 -0.029922828 0.54968554 -0.021068104 	0.038152968	0.17125796
8600	-0.47404284 -0.05311634 0.0010684794 0.21247727 0.0028111982 0.029798066 0.026451264 -0.041359152 -0.049111767 -0.027089231 0.019883043 0.07111686 -0.030188915 0.55040862 -0.021174921 	0.038136478	0.008417876
8700	-0.4802116 -0.050679422 0.0018499124 0.21629391 0.0023837233 0.029528899 0.026625578 -0.04182286 -0.049904621 -0.027126256 0.019184099 0.071339008 -0.030518724 0.55113202 -0.021180505 	0.038120411	0.0036720124
8800	-0.48635841 -0.04832145 0.0024193224 0.22007834 0.0016004517 0.029264363 0.02689278 -0.042384105 -0.050721935 -0.027134769 0.018782772 0.071451898 -0.030962664 0.55177589 -0.021093751 	0.038103937	0.0059075283
8900	-0.49248602 -0.046029825 0.0027684008 0.22381748 0.0005123216 0.029073834 0.027170128 -0.04301769 -0.051406233 -0.027202808 0.018653338 0.071526455 -0.031476685 0.55233334 -0.0209214 	0.038087698	0.02377869
9000	-0.49858828 -0.043805063 0.0029107035 0.22750986 -0.00063718495 0.028922821 0.027347131 -0.043722638 -0.051812258 -0.027322815 0.018750495 0.071690247 -0.031999 0.55282226 -0.020759224 	0.03807838	0.013382048
9100	-0.50466389 -0.041647205 0.0028585651 0.23113864 -0.0010976021 0.028795373 0.027362501 -0.04448187 -0.05187985 -0.027456773 0.018986272 0.072006626 -0.032545684 0.55321178 -0.020778321 	0.038068419	0.00085231549
9200	-0.51071964 -0.039552398 0.002612067 0.23469435 -0.00083249543 0.02873858 0.027228864 -0.045202199 -0.051676146 -0.02760271 0.019297618 0.072418532 -0.03308239 0.55341607 -0.020992177 	0.038053245	0.0073055055
9300	-0.51677356 -0.037554271 0.0021716104 0.23815924 9.5873785e-05 0.028674433 0.026968153 -0.045827688 -0.051373568 -0.027702395 0.019651653 0.072830513 -0.033585548 0.55332959 -0.021176736 	0.038035781	0.13526643
9400	-0.5228438 -0.035666164 0.001542155 0.24151437 0.0010228357 0.028619231 0.026683177 -0.046279892 -0.051167664 -0.027687698 0.020023634 0.073086881 -0.034060749 0.55283282 -0.021302187 	0.038025847	0.007104678
9500	-0.52892879 -0.033889149 0.00074475175 0.24475228 0.0015572778 0.028565835 0.026439031 -0.046544773 -0.051117501 -0.027528805 0.020343202 0.073194906 -0.03454367 0.5519452 -0.021203082 	0.038012576	0.011648863
9600	-0.53500132 -0.032209636 -0.00016471941 0.24791106 0.0017714205 0.028472866 0.026226712 -0.04664408 -0.051153817 -0.027275164 0.02055631 0.073257461 -0.03495106 0.55081698 -0.020923978 	0.038001468	0.050500688
9700	-0.54102647 -0.030600807 -0.00050591377 0.25102242 0.0017484796 0.028329749 0.026003353 -0.046649983 -0.051140792 -0.027058406 0.020564775 0.073387591 -0.035277452 0.54964148 -0.020750203 	0.037995845	0.0019449992
9800	-0.54697175 -0.029033161 4.4656028e-05 0.25410634 0.0016018503 0.028163914 0.025738887 -0.046644402 -0.050917858 -0.026993517 0.020287885 0.073737918 -0.035572005 0.5486518 -0.020646034 	0.037983206	0.26520885
9900	-0.55282586 -0.027504141 0.00093369034 0.25719219 0.0013689732 0.027977793 0.02544474 -0.046655282 -0.050475886 -0.027074698 0.019817637 0.074280485 -0.035754799 0.5479834 -0.02067605 	0.037975298	0.009223462
10000	-0.55860077 -0.026039293 0.0017384989 0.26025969 0.0010330547 0.027743912 0.025187343 -0.046743358 -0.049939592 -0.027115258 0.019290743 0.074888353 -0.035916018 0.54764651 -0.020844838 	0.037968638	0.0044391164
10100	-0.5643115 -0.024641782 0.0024556681 0.26328134 0.00056732906 0.027567165 0.025032091 -0.046908214 -0.049471068 -0.027109512 0.018791411 0.075368081 -0.036167299 0.54759211 -0.020945113 	0.037963348	0.0096562157
10200	-0.56996752 -0.023327179 0.0030773736 0.2662683 -6.2679683e-05 0.027466143 0.024963164 -0.04712487 -0.049244931 -0.02712011 0.018441161 0.075513064 -0.036423991 0.54774899 -0.020921365 	0.037957262	0.11040017
10300	-0.57557245 -0.022117768 0.0036246584 0.26919892 -0.0002688865 0.027367139 0.024945925 -0.047457767 -0.049326172 -0.027061173 0.018263314 0.075312211 -0.036767627 0.54806404 -0.020797603 	0.037951138	0.0074107346
10400	-0.58111924 -0.020979857 0.0041068488 0.27206506 0.00025561564 0.027387075 0.024990368 -0.04787348 -0.049665204 -0.026978852 0.01819478 0.074818069 -0.037227891 0.54849084 -0.02074495 	0.037940716	0.024587243
10500	-0.58659477 -0.019905782 0.0045435564 0.27489109 0.00080990776 0.027471786 0.025035027 -0.04834935 -0.05014833 -0.026895491 0.018201714 0.074225411 -0.037658995 0.54904009 -0.020690019 	0.037934722	0.0063231006
10600	-0.59198985 -0.01888869 0.0049520129 0.27767154 0.0012815102 0.027547863 0.025030573 -0.048891703 -0.050623418 -0.026816488 0.018179114 0.0737765 -0.038047404 0.54971219 -0.020545056 	0.037930803	0.003366246
10700	-0.59730056 -0.017888456 0.0053388592 0.28039894 0.0016680028 0.027704075 0.025022575 -0.049417512 -0.050997041 -0.02678213 0.018043537 0.073539323 -0.03839379 0.55041647 -0.020608457 	0.037927714	0.0021096889
10800	-0.60252699 -0.016919903 0.0057220152 0.28307072 0.0019914352 0.027795459 0.024982789 -0.049920626 -0.051231436 -0.026744069 0.01779042 0.073605372 -0.038669257 0.55109103 -0.020742186 	0.037924769	0.0014780688
10900	-0.60767357 -0.015973257 0.0060979195 0.28568719 0.0022328672 0.027829321 0.024933206 -0.050327062 -0.051361475 -0.026758137 0.017443186 0.073898449 -0.038842887 0.55162529 -0.020842526 	0.037922223	0.000795393
11000	-0.61274984 -0.015036263 0.0064709593 0.28822932 0.002338524 0.027859467 0.024939886 -0.050587297 -0.051475029 -0.026793831 0.017051669 0.07425065 -0.038991164 0.55187177 -0.020996458 	0.037919855	0.00061322215
11100	-0.61775737 -0.014129587 0.0068627401 0.29068617 0.0023116513 0.027775662 0.02497781 -0.050754943 -0.051617895 -0.026753785 0.016687283 0.07460864 -0.039184582 0.55178775 -0.021012897 	0.037916751	0.00063749223
11200	-0.62268268 -0.013221301 0.0072717516 0.29308766 0.002159326 0.027678315 0.025023579 -0.050792905 -0.051775939 -0.026761589 0.016403022 0.074867199 -0.03935067 0.55139033 -0.02092013 	0.037913022	0.00095367244
11300	-0.62750777 -0.012295488 0.0077250271 0.29544155 0.0019252808 0.027577503 0.02503938 -0.050769824 -0.051871627 -0.026777419 0.016215994 0.075053917 -0.039547421 0.55076625 -0.020799384 	0.037909887	0.0012904439
11400	-0.63221168 -0.011346082 0.0082523026 0.29775682 0.0016809481 0.027433772 0.024962662 -0.050787254 -0.051797902 -0.026750558 0.016117671 0.075268954 -0.039829682 0.55006039 -0.020660507 	0.037907656	0.001402381
11500	-0.63677484 -0.010339695 0.0088483617 0.30007199 0.0014655943 0.027355718 0.024762414 -0.05082604 -0.051493751 -0.026829829 0.01609779 0.075495786 -0.040091391 0.54939797 -0.020617953 	0.03790552	0.0012823421
11600	-0.64119429 -0.0092929748 0.0095275588 0.30238267 0.0013120669 0.027279016 0.024432898 -0.050951524 -0.050974873 -0.026938549 0.016146374 0.075766213 -0.040373231 0.54886794 -0.020620359 	0.03790327	0.0011394362
11700	-0.64548101 -0.0082184424 0.010286228 0.30467101 0.0012054604 0.027213952 0.024039356 -0.051164402 -0.050346643 -0.027023894 0.016245638 0.076011104 -0.040725872 0.54847716 -0.020678298 	0.037901735	0.0013251699
11800	-0.64965145 -0.0071262733 0.011095655 0.30693536 0.0011114823 0.027206131 0.023650071 -0.051392593 -0.049758821 -0.027153397 0.016382214 0.076103702 -0.041080732 0.54820129 -0.020749429 	0.037901319	0.0015225292
11900	-0.65372619 -0.0060595356 0.011947368 0.30915217 0.0010178031 0.027150912 0.023308433 -0.051644303 -0.049340451 -0.027243235 0.016532026 0.076032362 -0.041446889 0.54802455 -0.020690452 	0.037901252	0.0017331942
12000	-0.65772111 -0.0050223988 0.012825397 0.31129961 0.00090255342 0.027097927 0.023093171 -0.051873719 -0.049160443 -0.027281817 0.016631628 0.07578103 -0.041835114 0.54791631 -0.020613294 	0.037900896	0.0020384046
12100	-0.66164164 -0.0040213003 0.013716365 0.31337372 0.00078982806 0.02704232 0.023005077 -0.052062819 -0.049194406 -0.027305568 0.016612103 0.075443388 -0.042188819 0.54791031 -0.020503755 	0.037900442	0.0024237889
12200	-0.66548863 -0.0030705534 0.014618652 0.3153739 0.00071983843 0.026920567 0.022996854 -0.052237466 -0.04936938 -0.027311087 0.01642869 0.075165145 -0.042449141 0.54805797 -0.020359504 	0.037899885	0.0030337375
12300	-0.66926389 -0.0021542279 0.015526234 0.31728953 0.00070328711 0.026814337 0.023065989 -0.052388845 -0.049609995 -0.027322569 0.016045057 0.075010185 -0.042622336 0.54835657 -0.020353553 	0.037898768	0.004175209
12400	-0.67297184 -0.0012802359 0.016438651 0.31910754 0.00075977218 0.02670811 0.023165942 -0.05255218 -0.04986192 -0.027324877 0.01547987 0.075039746 -0.042728844 0.54879759 -0.020410903 	0.037897228	0.0066202564
12500	-0.67662126 -0.00045730301 0.017346889 0.32082704 0.00087188233 0.026600953 0.02325327 -0.05272661 -0.050134633 -0.027340783 0.014823656 0.075191462 -0.042731245 0.54931917 -0.020496031 	0.037896284	0.017497128
12600	-0.68022512 0.00022827243 0.018243896 0.32242772 0.0010010051 0.026555991 0.023340085 -0.052899872 -0.050458714 -0.027360045 0.014167545 0.075345923 -0.042697723 0.54981589 -0.020621648 	0.037898802	0.014860481
12700	-0.68378471 6.3185466e-05 0.019144076 0.32390203 0.0011403836 0.026652207 0.023467056 -0.053045105 -0.050815825 -0.027317015 0.013617441 0.075449735 -0.042694025 0.55022573 -0.020655537 	0.037897914	0.10187988
12800	-0.68728978 -0.00063737355 0.020035552 0.32526414 0.00128413 0.026978685 0.023614059 -0.053112766 -0.051154349 -0.027358667 0.013204892 0.07541034 -0.042726462 0.55050424 -0.020632896 	0.037898208	0.01087107
12900	-0.69072353 -0.0013154127 0.020952614 0.32653254 0.0014628253 0.027246706 0.023659327 -0.053210714 -0.051410144 -0.027378126 0.012991624 0.07529172 -0.042799625 0.55066754 -0.020572662 	0.03789953	0.0050581938
13000	-0.6940615 -0.0019279601 0.021916336 0.32773014 0.0017107865 0.027445612 0.023590529 -0.053331937 -0.051478012 -0.027385063 0.012958153 0.075150804 -0.04292654 0.55074149 -0.020535564 	0.037900704	0.0028347254
13100	-0.69728179 -0.0024042145 0.022920256 0.32887762 0.0020513784 0.027742986 0.023454508 -0.053390372 -0.051273253 -0.027528189 0.013012586 0.074998759 -0.043113952 0.55073917 -0.020553689 	0.037900991	0.0019255899
13200	-0.70037788 -0.0027802961 0.023992586 0.32998958 0.0024970842 0.027884885 0.023207861 -0.053457819 -0.050836201 -0.027646291 0.013164577 0.074904628 -0.043321145 0.55066765 -0.02057818 	0.037900622	0.0019569803
13300	-0.7033497 -0.0030322334 0.025119771 0.33107205 0.0030156509 0.027958969 0.022919064 -0.053471065 -0.050255239 -0.027784088 0.013350643 0.074792569 -0.043527941 0.55047376 -0.020679858 	0.037900393	0.0018197816
