15
100	0.0010242416 0.015056911 -0.00053259424 -9.6374621e-05 -0.00064451636 0.066020137 0.030740702 0.030519548 0.011000951 -0.012140639 -0.0071923709 -0.0043781301 -0.0044427323 -0.0011507501 -0.011004165 	0.39454732	0.93179404
200	-0.0016697098 0.021791231 -0.0047571488 -0.0060135864 -0.0020980287 0.10740383 0.049267368 0.047783365 0.01761468 -0.023451172 -0.01587809 -0.0046125229 -0.017320676 -0.0018305431 -0.016452702 	0.34918205	0.026887132
300	-0.0075874554 0.018763816 -0.011045428 -0.013822832 -0.0048761583 0.11671798 0.053921789 0.053398976 0.017377031 -0.025253838 -0.013416707 -0.00403562 -0.020416608 -0.00019777296 -0.020295939 	0.34730003	0.24171268
400	-0.015664218 0.010817071 -0.019297287 -0.023611855 -0.0072703592 0.11169071 0.051973602 0.053905471 0.016069529 -0.023632048 -0.0078350374 -0.0014317099 -0.019363758 0.0051223457 -0.018028511 	0.34283669	0.017540772
500	-0.024833514 0.0024193124 -0.028451069 -0.035187268 -0.010098445 0.10917832 0.051076704 0.055173104 0.01409781 -0.021354566 -0.0038602265 0.0011750888 -0.017528686 0.0097232711 -0.017982889 	0.33999698	0.0315391
600	-0.034268841 -0.00451827 -0.037884913 -0.047999421 -0.012567174 0.11454199 0.053137358 0.058867876 0.013130612 -0.020644808 -0.004070313 0.0037292072 -0.01631233 0.013956124 -0.018955144 	0.3370915	0.014745778
700	-0.043837541 -0.011270568 -0.04704767 -0.06150158 -0.014672099 0.12055363 0.055462345 0.062340436 0.011655691 -0.019352539 -0.0053265794 0.0054992949 -0.014359559 0.017690103 -0.02069063 	0.3349871	0.0063254861
800	-0.053297365 -0.0185663 -0.055561822 -0.075179442 -0.015802254 0.12267063 0.056150815 0.063963753 0.0097658644 -0.017054209 -0.0059086405 0.0069448049 -0.011142866 0.022103697 -0.020706361 	0.33334282	0.0039588627
900	-0.062149943 -0.025360614 -0.062821246 -0.088673749 -0.015937797 0.12367513 0.056622916 0.064667397 0.0075708313 -0.014771349 -0.0058962712 0.0079678657 -0.0076139545 0.026251638 -0.020817358 	0.33228358	0.0040127759
1000	-0.069910892 -0.030464944 -0.068366399 -0.10172362 -0.014793394 0.12696498 0.058358403 0.065562167 0.0058801791 -0.013857366 -0.0062359899 0.0089018824 -0.0050578728 0.029808996 -0.021527599 	0.33156135	0.0042721364
1100	-0.076529221 -0.034129273 -0.072112305 -0.11412851 -0.012380458 0.13091465 0.060711101 0.066310242 0.0044077191 -0.01398839 -0.0062060583 0.0095338713 -0.0030506077 0.032701347 -0.022815147 	0.33108428	0.0062304841
1200	-0.082120781 -0.037015088 -0.074159016 -0.12583557 -0.0086314225 0.13267863 0.062475131 0.066077587 0.0029598477 -0.014161486 -0.0052241013 0.0099100362 -0.0010919081 0.035324313 -0.023588077 	0.33072558	0.018721334
1300	-0.086662574 -0.038973495 -0.074582715 -0.13676469 -0.0036146164 0.13273193 0.063704413 0.065313335 0.0015686109 -0.014434344 -0.0036913987 0.0098191193 0.0008970143 0.037501522 -0.023995323 	0.33041049	0.020035603
1400	-0.090078901 -0.039472783 -0.073417139 -0.14689647 0.0025416749 0.13319882 0.06516825 0.064977397 0.00044651313 -0.015140082 -0.00255194 0.0091909196 0.0023479988 0.038794809 -0.024714031 	0.33010593	0.026892234
1500	-0.092493446 -0.038633537 -0.070900437 -0.15625371 0.0096116402 0.13405675 0.066661567 0.06530291 -0.00038052906 -0.01623727 -0.0020823267 0.0081340796 0.0034904525 0.03933854 -0.02558558 	0.32978157	0.020686494
1600	-0.094202233 -0.037099916 -0.0673427 -0.16498649 0.01739162 0.13363118 0.067438463 0.065797584 -0.0011554492 -0.016966183 -0.0018434648 0.0068518402 0.0046967682 0.039359932 -0.026363903 	0.32944254	0.0067843631
1700	-0.0954075 -0.03510862 -0.06303387 -0.17319565 0.025763682 0.13182296 0.067313693 0.066545708 -0.0019322925 -0.017380334 -0.0016930778 0.0055469672 0.0060627432 0.039117287 -0.026855021 	0.32908175	0.0040412851
1800	-0.096225965 -0.032497899 -0.058158412 -0.18102043 0.034527036 0.13008037 0.066841207 0.068052017 -0.0027008077 -0.017816621 -0.0017866933 0.0043080685 0.0070819145 0.038455807 -0.027551712 	0.32873286	0.0027805918
1900	-0.096832035 -0.0293445 -0.052963148 -0.18860041 0.043522231 0.12898533 0.066196332 0.070475384 -0.0034623399 -0.018487078 -0.0020424944 0.0032095776 0.0075779335 0.037510692 -0.028443278 	0.32839434	0.003169439
2000	-0.097492539 -0.026116197 -0.047735748 -0.19610814 0.052565109 0.12765757 0.065024949 0.073375806 -0.0044398203 -0.019065183 -0.0020012146 0.0022839698 0.0077965508 0.036559504 -0.029255453 	0.32808989	0.0036287193
2100	-0.098408855 -0.023103603 -0.042708461 -0.20369226 0.0614998 0.12573524 0.063201801 0.076442372 -0.005729414 -0.019368063 -0.00152301 0.0015533001 0.0079327143 0.035796651 -0.029820946 	0.32781217	0.0041340729
2200	-0.099660268 -0.020210067 -0.038016247 -0.21144833 0.070186212 0.12411491 0.061125615 0.079792901 -0.0072341862 -0.019604132 -0.00095423392 0.00098607914 0.007960043 0.035184042 -0.030359022 	0.32757272	0.0050493667
2300	-0.10130875 -0.017371585 -0.033746415 -0.21946386 0.078505092 0.12341042 0.059140051 0.083410345 -0.0088635111 -0.0198366 -0.00060361714 0.00056998589 0.0078427968 0.034661784 -0.031060156 	0.32735766	0.0060394425
2400	-0.10345218 -0.014790244 -0.030005139 -0.22778189 0.086383344 0.12307691 0.057108928 0.086946005 -0.010624675 -0.019942876 -0.00036495878 0.00028198211 0.0079003671 0.034381044 -0.031726161 	0.32716819	0.0084129999
2500	-0.10615383 -0.012633406 -0.02683274 -0.23642819 0.093757013 0.12253809 0.054939723 0.09004923 -0.012542112 -0.019743562 -4.5643642e-05 9.2496352e-05 0.0082995901 0.034400985 -0.032252627 	0.32699182	0.07669598
2600	-0.10937069 -0.010759706 -0.024189472 -0.24535626 0.10061014 0.12218374 0.052909428 0.092777655 -0.014460518 -0.019450719 0.00022938928 -2.9493186e-05 0.0089728977 0.034681945 -0.032704504 	0.32683062	0.02383551
2700	-0.11302548 -0.0089746021 -0.021986066 -0.2544919 0.10692071 0.12248036 0.051342105 0.095258327 -0.016270614 -0.019272071 0.00034610224 -4.2011667e-05 0.0097573533 0.035079985 -0.033320854 	0.32667937	0.0073290307
2800	-0.11706788 -0.0072808586 -0.020154252 -0.26374548 0.11272359 0.12306025 0.050176604 0.097380323 -0.01792785 -0.019224808 0.00053350049 -5.9275833e-07 0.010637413 0.035637707 -0.03395331 	0.32654239	0.51656255
2900	-0.12144309 -0.0057220851 -0.018610525 -0.27301446 0.11806203 0.12333542 0.049246215 0.098994732 -0.01945441 -0.019179708 0.0010362598 -5.1450178e-05 0.011643099 0.036389776 -0.034454021 	0.32641861	0.021829096
3000	-0.12603652 -0.0041434211 -0.017236136 -0.28217056 0.12299805 0.12340286 0.048615922 0.10021694 -0.02078137 -0.01920009 0.001756309 -0.00022419707 0.012682337 0.0372738 -0.034869552 	0.32631156	0.010722949
3100	-0.13071173 -0.0023129366 -0.015901922 -0.29107469 0.12759583 0.12364489 0.048431139 0.10128697 -0.02182533 -0.019406258 0.0024255969 -0.00051587115 0.013652011 0.038166959 -0.035365637 	0.3262214	0.008612059
3200	-0.13538082 -0.00016840644 -0.014516168 -0.29961154 0.13191796 0.12388222 0.048584727 0.10225707 -0.022604706 -0.019720889 0.0029296912 -0.00086005187 0.014582453 0.039013467 -0.035947638 	0.32614777	0.13542151
3300	-0.13999695 0.0021568265 -0.013033333 -0.30767721 0.13601336 0.12362933 0.048807962 0.10309964 -0.023212124 -0.02001269 0.0033260784 -0.001212613 0.015628718 0.039816706 -0.036500178 	0.32609214	0.011102161
3400	-0.1445045 0.0046218895 -0.011406815 -0.31519646 0.13991158 0.12290158 0.049039862 0.1039159 -0.023688662 -0.020245146 0.0035832039 -0.0015588139 0.01672171 0.040508333 -0.037005791 	0.32604787	0.0056360143
3500	-0.14884434 0.0073821662 -0.0096056596 -0.32210674 0.14362519 0.12212571 0.049367753 0.1049291 -0.024028375 -0.020541026 0.0036220253 -0.0019352957 0.017681657 0.040998539 -0.037517376 	0.32601173	0.0039852078
3600	-0.15300727 0.010460939 -0.0076361744 -0.32838356 0.14714956 0.12136216 0.04974106 0.10619247 -0.024287508 -0.020899505 0.003531649 -0.0023559795 0.018398385 0.041268543 -0.038003072 	0.32598023	0.0030704154
3700	-0.15703 0.013751626 -0.0055459656 -0.33402641 0.15047179 0.12029043 0.049951015 0.10760119 -0.024569568 -0.021237413 0.0035272755 -0.0027937219 0.018924929 0.041395709 -0.038342211 	0.32595204	0.0038448076
3800	-0.16094364 0.017210356 -0.003382345 -0.33905112 0.15356923 0.11888205 0.049918529 0.10910483 -0.024927456 -0.021532242 0.003678005 -0.0031914362 0.019282367 0.04143212 -0.03853593 	0.32592544	0.0064698396
3900	-0.16476128 0.020893865 -0.0011834475 -0.34348583 0.15641601 0.11751649 0.049741769 0.11074869 -0.025336973 -0.021847918 0.003852176 -0.0034868867 0.019417198 0.041387386 -0.03870344 	0.32590165	0.018586195
4000	-0.16851699 0.024798673 0.0009733319 -0.3473725 0.15898066 0.11638525 0.049452907 0.11249901 -0.025793813 -0.022189477 0.0039572275 -0.0036560322 0.019374149 0.041300551 -0.03891202 	0.32588202	0.021572647
4100	-0.17227537 0.028810458 0.0028767777 -0.3507734 0.16123267 0.11528845 0.048958406 0.11417394 -0.026336872 -0.022414739 0.0040400761 -0.0036999673 0.01928704 0.041253927 -0.039093478 	0.32586733	0.0061061109
4200	-0.17609022 0.032848622 0.0044517818 -0.35374772 0.1631431 0.11413328 0.048220089 0.11563528 -0.026986649 -0.022465556 0.0041391443 -0.0036707401 0.019260931 0.0412971 -0.039196865 	0.32585304	0.0031678778
4300	-0.17998155 0.036940399 0.0056862844 -0.35634872 0.16469439 0.1131811 0.047372052 0.116863 -0.027696881 -0.022403542 0.0041956517 -0.0036107688 0.019257291 0.04140997 -0.039251444 	0.32583863	0.0018813479
4400	-0.18396184 0.041108052 0.0065850105 -0.3586201 0.16587742 0.1126242 0.046543431 0.11783925 -0.028429076 -0.022304446 0.0042008621 -0.003538146 0.019241058 0.041555283 -0.039297679 	0.32582196	0.0011154332
4500	-0.18805367 0.045290259 0.007154126 -0.36059543 0.16670159 0.1122871 0.045723339 0.11846133 -0.029183712 -0.022178293 0.0042643297 -0.0034289181 0.019270911 0.041744582 -0.039281121 	0.32580285	0.0009202361
4600	-0.19226682 0.049433292 0.0074176458 -0.3622941 0.16718698 0.11195681 0.04489222 0.11864735 -0.029969263 -0.02201432 0.0044804308 -0.0032542747 0.019403139 0.041982266 -0.039177483 	0.32578023	0.00083654525
4700	-0.19657551 0.053582641 0.0074246287 -0.36371368 0.16737128 0.11171966 0.04414002 0.11844824 -0.030740444 -0.021876124 0.0047923707 -0.0030060514 0.019610096 0.042249746 -0.039031202 	0.32575503	0.00092024006
4800	-0.2009406 0.057809091 0.0072358351 -0.36484119 0.16729802 0.11171297 0.043569937 0.11795964 -0.03145367 -0.021804406 0.0050921437 -0.0027154448 0.019833259 0.042517654 -0.038915725 	0.3257278	0.001092511
4900	-0.20533689 0.062112486 0.0068990859 -0.36565907 0.16701909 0.11179624 0.043154458 0.11721752 -0.032106303 -0.021762437 0.005352531 -0.0024310866 0.020088079 0.042804701 -0.03880455 	0.32569995	0.0010844091
5000	-0.2097468 0.066462677 0.0064559117 -0.36615025 0.16658356 0.11172616 0.04281539 0.11624178 -0.032723641 -0.021681708 0.005595944 -0.0022000152 0.020408432 0.04312949 -0.038651393 	0.32567187	0.00089804593
5100	-0.21414037 0.070889142 0.0059537403 -0.36629864 0.16603893 0.11150122 0.042565361 0.11513362 -0.033297559 -0.021570328 0.0057837043 -0.0020362417 0.020746686 0.043468242 -0.038464989 	0.32564401	0.00086610755
5200	-0.21848581 0.075449224 0.0054371344 -0.36609196 0.16542499 0.1112615 0.042466395 0.11403923 -0.033808098 -0.021493423 0.0058641494 -0.0019237101 0.021020708 0.043765448 -0.038298065 	0.32561624	0.00094386694
5300	-0.22277437 0.080135782 0.0049311802 -0.36553309 0.16477467 0.11096189 0.042498577 0.11302797 -0.034267422 -0.02146612 0.005871729 -0.001817615 0.021194789 0.043988304 -0.038147316 	0.3255883	0.0010112215
5400	-0.22701723 0.084890769 0.0044395644 -0.36463586 0.16411259 0.11042111 0.042572472 0.11210863 -0.034714815 -0.0214657 0.0059003709 -0.0016832637 0.02129502 0.044133853 -0.037966548 	0.32555984	0.001091599
5500	-0.23122298 0.089691938 0.0039621273 -0.36342501 0.16345732 0.10963186 0.042661196 0.11131444 -0.0351651 -0.021484464 0.0059702959 -0.0015102071 0.021303573 0.044191537 -0.037745688 	0.32553069	0.0012383121
5600	-0.23539513 0.094558022 0.0034951267 -0.36193059 0.1628222 0.1087715 0.042801621 0.11071258 -0.035606833 -0.021545988 0.0060221971 -0.0013203581 0.021179625 0.044147871 -0.037519314 	0.32550137	0.0014261472
5700	-0.23955084 0.099470356 0.0030226852 -0.36019353 0.16221706 0.10791014 0.042983462 0.11030529 -0.036042941 -0.021628248 0.0060192968 -0.0011393352 0.020928964 0.044021224 -0.037295138 	0.32547244	0.0016003478
5800	-0.24372308 0.10435886 0.0025175334 -0.358263 0.16164858 0.10695048 0.043129583 0.1100173 -0.036500101 -0.021667031 0.0059842266 -0.000978675 0.020622324 0.043861503 -0.03704621 	0.32544482	0.0021058751
5900	-0.24794082 0.10917425 0.0019564502 -0.35619034 0.16112215 0.10588051 0.043204041 0.10978401 -0.036988423 -0.021635848 0.0059242979 -0.00082947238 0.020313051 0.043707115 -0.036773061 	0.32541888	0.0030308962
6000	-0.25222092 0.11391506 0.0013281038 -0.35402672 0.16064181 0.10486214 0.043253269 0.10958554 -0.037489996 -0.021566799 0.0058088073 -0.00067021487 0.019995774 0.043562304 -0.036525183 	0.32539506	0.0050039373
6100	-0.25658112 0.11856975 0.0006228626 -0.35182119 0.16021201 0.10400755 0.043311062 0.10938734 -0.037992385 -0.02149649 0.0056466679 -0.00048301637 0.019673399 0.043429984 -0.036329017 	0.32537306	0.011993263
6200	-0.26104648 0.12308539 -0.00016539765 -0.3496216 0.15983837 0.10325222 0.043348324 0.10910327 -0.03850871 -0.021413656 0.0055144539 -0.00026262164 0.019380926 0.043325872 -0.036155486 	0.32535297	0.050631314
6300	-0.2656352 0.12741963 -0.00091350059 -0.34746776 0.15952864 0.10253585 0.043334115 0.10866403 -0.039050279 -0.021326505 0.0054676806 -2.9754655e-05 0.019145395 0.043258685 -0.035972643 	0.325335	0.077105249
6400	-0.27034791 0.13158213 -0.0015611352 -0.34538625 0.15929657 0.10194946 0.04330594 0.10807228 -0.03959429 -0.021258219 0.0054902242 0.00012074265 0.018956803 0.043219702 -0.035775616 	0.32531774	0.0057498244
6500	-0.27517949 0.13558996 -0.0020975808 -0.34340338 0.15916586 0.10157722 0.043315695 0.10733262 -0.040095785 -0.021192258 0.0055201856 0.00014006828 0.018765201 0.043197744 -0.035554031 	0.32530038	0.0022967388
6600	-0.28013175 0.13942309 -0.0025243774 -0.3415217 0.15914382 0.1013416 0.043331676 0.10645713 -0.04056523 -0.02115006 0.0055627006 0.00011532741 0.018656991 0.043176694 -0.035365351 	0.32528321	0.0014776486
6700	-0.28520571 0.14305572 -0.0028392503 -0.33974662 0.15924804 0.1011223 0.043312317 0.10544432 -0.04099763 -0.02112001 0.0056097021 0.00017259012 0.018663643 0.043158807 -0.035211889 	0.32526594	0.0069149362
6800	-0.2903931 0.14650026 -0.0030371709 -0.33807264 0.15948313 0.1009299 0.043265594 0.10436134 -0.041393626 -0.021111709 0.0056448944 0.00033167159 0.018773944 0.043121128 -0.035140479 	0.32524864	0.0057783183
6900	-0.29568059 0.14978856 -0.003115962 -0.33649103 0.15985962 0.10083884 0.04321682 0.10330282 -0.04173355 -0.021142732 0.0056408497 0.00053258897 0.018919386 0.043063425 -0.03512701 	0.32523165	0.0035992318
7000	-0.3010633 0.15292234 -0.0030757303 -0.33499704 0.16037709 0.10081224 0.043155799 0.10232288 -0.042034044 -0.021165802 0.0056272874 0.00066728853 0.019032109 0.042983234 -0.035136967 	0.32521502	0.0010155174
7100	-0.30653865 0.15588792 -0.0029223784 -0.33357808 0.16104149 0.1007489 0.043036579 0.10146048 -0.042309856 -0.021161724 0.0056494388 0.00066764175 0.019102244 0.042906107 -0.035101361 	0.32519816	0.00091644673
7200	-0.31209783 0.15869349 -0.0026478334 -0.33222635 0.16185469 0.10062675 0.042863752 0.10075466 -0.042568659 -0.021119937 0.0057026965 0.00055751122 0.019097547 0.042818274 -0.035038524 	0.32518078	0.0025681774
7300	-0.31772552 0.16136884 -0.0022419623 -0.3309266 0.16282183 0.10050209 0.042667208 0.10026424 -0.042799529 -0.021095957 0.0057409919 0.0004242465 0.019025546 0.04270232 -0.035002789 	0.32516284	0.0024838828
7400	-0.32341326 0.16392159 -0.0016962192 -0.32967279 0.16394532 0.10036053 0.042455571 0.099994558 -0.043004106 -0.021105116 0.0057332898 0.00036628527 0.018905974 0.042544103 -0.035033812 	0.32514398	0.0036299654
7500	-0.32916095 0.16633641 -0.0010118354 -0.32846334 0.16522162 0.10012031 0.042205198 0.09991136 -0.043202981 -0.021131565 0.0056903247 0.0004104072 0.018783333 0.04234593 -0.03512728 	0.32512408	0.0074162454
7600	-0.33496725 0.16861403 -0.00019450592 -0.32730133 0.16664648 0.099775841 0.041917152 0.099984597 -0.043403192 -0.021163852 0.0056143246 0.00050424226 0.018664993 0.042119848 -0.035239408 	0.32510347	0.045379158
7700	-0.34082762 0.17077792 0.00069149439 -0.32619434 0.16820736 0.099420346 0.041639547 0.10019769 -0.04360802 -0.021184256 0.005500698 0.00054911969 0.018515774 0.041859119 -0.035356684 	0.32508405	0.012560587
7800	-0.3467384 0.17284398 0.0015174716 -0.32514755 0.16989846 0.099116625 0.041407143 0.10051674 -0.043811421 -0.021183772 0.0053614043 0.00048756189 0.018322839 0.041579971 -0.035442698 	0.32506489	0.0052805191
7900	-0.35269998 0.1748029 0.0022870438 -0.32416569 0.17171065 0.098824292 0.041215473 0.10086707 -0.04403106 -0.021154739 0.0052357711 0.00032766369 0.018111592 0.041294224 -0.035505421 	0.32504586	0.0055680975
8000	-0.35870707 0.17665325 0.0030121011 -0.32324559 0.17364541 0.098512016 0.041057713 0.10118278 -0.044265656 -0.021128235 0.0051412553 0.00014931157 0.017927615 0.041026499 -0.035554408 	0.32502715	0.010829795
8100	-0.36474725 0.17841729 0.0037130853 -0.32238191 0.17569814 0.098224255 0.040962373 0.10142699 -0.044514115 -0.021133502 0.0050652452 2.7325739e-05 0.017787649 0.040769241 -0.035658083 	0.32500863	0.027907373
8200	-0.37080654 0.18012121 0.0044044959 -0.32156538 0.17786934 0.098010117 0.040944997 0.10157911 -0.044764369 -0.021200504 0.0049829552 7.2683885e-06 0.017698519 0.040530647 -0.035827972 	0.32499003	0.042647833
8300	-0.37687773 0.18177092 0.0050925207 -0.32078559 0.18014635 0.097843504 0.040984964 0.10161437 -0.045037874 -0.02130571 0.0049128338 2.4996259e-05 0.017677873 0.04030994 -0.036059807 	0.32497156	0.0014939795
8400	-0.38295402 0.18337154 0.0057813453 -0.32003768 0.18252906 0.09769006 0.041056977 0.10150622 -0.045327474 -0.021395169 0.0048536389 -1.6699427e-05 0.017690561 0.040128697 -0.036256036 	0.32495329	0.039178189
8500	-0.38902736 0.18494248 0.0064683765 -0.31930412 0.1849912 0.097573267 0.041145299 0.10128803 -0.045661026 -0.021483841 0.0048123752 -8.9893485e-05 0.017744254 0.039953286 -0.036451847 	0.32493545	0.010393343
8600	-0.39508719 0.18651147 0.0071538273 -0.31856818 0.18751962 0.097539844 0.041248188 0.1010054 -0.046030072 -0.021585927 0.0047699987 -0.00019727291 0.017815932 0.03976997 -0.03663577 	0.32491808	0.0063032296
8700	-0.4011289 0.18808616 0.0078395779 -0.31781962 0.1901006 0.097562353 0.041348597 0.10067676 -0.046429467 -0.0216685 0.0047246573 -0.00035530469 0.01787185 0.039568977 -0.036792437 	0.32490129	0.0054476061
8800	-0.40715084 0.18966417 0.008520678 -0.31703903 0.19271883 0.097576179 0.041406989 0.10033124 -0.046857274 -0.021734326 0.0046962611 -0.0005563216 0.017937225 0.039355123 -0.036919665 	0.32488517	0.0035514122
8900	-0.41314972 0.1912544 0.0091990895 -0.31621652 0.19536107 0.097564313 0.041418838 0.099995263 -0.047293485 -0.02177812 0.0046716308 -0.00074323069 0.017984805 0.039123832 -0.037034779 	0.32486976	0.0023538015
9000	-0.41912114 0.19287592 0.0098736088 -0.31533657 0.19800804 0.097555985 0.041394218 0.099720883 -0.047720843 -0.02182948 0.0046397153 -0.00088572533 0.018013909 0.038866268 -0.037184643 	0.32485494	0.0011893562
9100	-0.42506593 0.19453338 0.010540155 -0.31439415 0.20064532 0.097539792 0.04133242 0.09952602 -0.048117804 -0.021887836 0.0045934259 -0.00096452354 0.018003591 0.038591346 -0.037359855 	0.32484058	0.00064590288
9200	-0.43099072 0.1962165 0.011190712 -0.31338714 0.20324854 0.097464631 0.04121981 0.09941019 -0.048490304 -0.021929359 0.004558575 -0.0010169525 0.017959381 0.038300523 -0.037558686 	0.32482663	0.00057105682
9300	-0.43689969 0.19792507 0.011816669 -0.31231701 0.20580328 0.097324816 0.041057927 0.099372201 -0.048823196 -0.02195154 0.0045324392 -0.0010786208 0.017873595 0.038010223 -0.037734869 	0.32481305	0.00078807608
9400	-0.4427951 0.19966902 0.012416973 -0.31118934 0.20828572 0.097162524 0.040879841 0.099412166 -0.049117346 -0.021946913 0.0045046919 -0.0011845499 0.017733803 0.037701965 -0.037910426 	0.32479982	0.0010261332
9500	-0.44867913 0.20145186 0.012988568 -0.31000868 0.21068575 0.096997795 0.040702299 0.099515276 -0.049359057 -0.021938489 0.0044578271 -0.0013189006 0.0175543 0.03738504 -0.038062202 	0.32478699	0.0010975521
9600	-0.45455802 0.20326014 0.013532854 -0.30878329 0.21298484 0.096794447 0.040530248 0.099638594 -0.04956694 -0.021917652 0.0044058734 -0.0014538882 0.017368489 0.037049458 -0.03821696 	0.32477462	0.00079417749
9700	-0.46043436 0.20508748 0.014051041 -0.30751974 0.21517817 0.096539687 0.040368733 0.099742945 -0.049739668 -0.021901892 0.0043457676 -0.0015468136 0.017202239 0.036711292 -0.038357302 	0.32476267	0.00048174123
9800	-0.46630674 0.2069417 0.014549256 -0.30622275 0.21725397 0.09627387 0.0402454 0.099809104 -0.049890232 -0.021903029 0.0042760118 -0.0016015177 0.017065123 0.036366376 -0.038514227 	0.32475106	0.00033736682
9900	-0.47217221 0.20883087 0.015032923 -0.30489868 0.21921199 0.096033745 0.040179308 0.099813545 -0.050018235 -0.021925339 0.0041867862 -0.0016327949 0.016939406 0.036033729 -0.038664236 	0.32473972	0.00031741713
10000	-0.4780303 0.2107505 0.015504634 -0.30354827 0.22104647 0.095806423 0.040162734 0.09973412 -0.050148316 -0.021960197 0.0041031553 -0.0016892031 0.016839847 0.035728262 -0.038801719 	0.32472856	0.00042564844
10100	-0.48387887 0.21269661 0.015969586 -0.30217566 0.2227614 0.09557391 0.04018525 0.099544556 -0.05029009 -0.021989629 0.0040310863 -0.0017804954 0.016752655 0.035469605 -0.038895869 	0.32471745	0.0006383665
10200	-0.48971137 0.21467882 0.01643414 -0.30077576 0.22435667 0.095361089 0.040246493 0.099256436 -0.050456861 -0.02202739 0.0039704206 -0.0019080106 0.016688891 0.035255216 -0.038969209 	0.32470638	0.0006844468
10300	-0.49552002 0.21670835 0.016907078 -0.29934755 0.22583991 0.095193211 0.040347867 0.098880065 -0.050645376 -0.022080446 0.0038993693 -0.0020272235 0.016632328 0.035079693 -0.039027644 	0.32469538	0.00052365884
10400	-0.5013003 0.21878449 0.017392485 -0.29788533 0.22721319 0.095049966 0.04046697 0.098430735 -0.050868849 -0.022151467 0.0038245555 -0.0021125816 0.016602317 0.034929592 -0.039091214 	0.3246845	0.00028289255
10500	-0.50704898 0.22090302 0.017891916 -0.29638732 0.22848464 0.094897488 0.040574448 0.09791885 -0.051127916 -0.022229843 0.0037478554 -0.0021453875 0.016595699 0.034801422 -0.039138804 	0.32467378	0.0002835479
10600	-0.51276139 0.22306999 0.018406835 -0.29485076 0.22965626 0.094742257 0.040658072 0.097375553 -0.051425857 -0.022304806 0.0036711256 -0.0021500692 0.016599175 0.034677229 -0.03917619 	0.32466329	0.00028383304
10700	-0.51843185 0.22529704 0.01893679 -0.29327404 0.2307363 0.094612326 0.040712254 0.096838167 -0.051747343 -0.022377349 0.003583262 -0.0021532723 0.016585189 0.034552752 -0.0391831 	0.32465303	0.00028394691
10800	-0.52405885 0.22758379 0.01948123 -0.29165826 0.23172745 0.094497004 0.040724148 0.096328713 -0.052089756 -0.022430995 0.0034937456 -0.0021785884 0.016538942 0.034417562 -0.039165818 	0.32464294	0.00028261519
10900	-0.52964283 0.22992243 0.020037054 -0.29000499 0.23263854 0.094361004 0.040670991 0.095857757 -0.052439905 -0.022464772 0.0034122837 -0.0022156668 0.016464221 0.034279667 -0.03911233 	0.32463301	0.0002802789
11000	-0.53518382 0.23231024 0.020604988 -0.28831864 0.23347379 0.094194661 0.040550606 0.095435455 -0.05278761 -0.022479128 0.0033418603 -0.002241441 0.016363135 0.034132355 -0.039052633 	0.32462324	0.00027882192
11100	-0.54068057 0.23475132 0.021185616 -0.28660533 0.23424188 0.094019155 0.040374321 0.095073408 -0.053109884 -0.022491838 0.0032682576 -0.0022274537 0.016234172 0.033977055 -0.03900276 	0.32461361	0.00027702185
11200	-0.54613505 0.23724167 0.021778239 -0.28487431 0.2349469 0.093835928 0.040150466 0.094769253 -0.053397553 -0.022505507 0.0031918434 -0.0021738917 0.016085102 0.033811857 -0.038979924 	0.32460416	0.00031775778
11300	-0.55155227 0.23976841 0.022379848 -0.28313942 0.23559512 0.093622191 0.03987959 0.094501796 -0.053644066 -0.022509722 0.0031191699 -0.0020984134 0.015921378 0.033644772 -0.038965879 	0.32459497	0.00035235166
11400	-0.55693671 0.24232271 0.022987506 -0.28141397 0.2361898 0.093376917 0.039571795 0.094255355 -0.053849704 -0.022501142 0.0030573606 -0.0020385133 0.015753652 0.033477424 -0.038950842 	0.32458611	0.0002657632
11500	-0.56229089 0.24490302 0.023601607 -0.27971382 0.2367365 0.093129716 0.039253623 0.094015708 -0.054009466 -0.02248191 0.0029967838 -0.0020125018 0.015574551 0.03330738 -0.038926443 	0.3245776	0.00026163525
11600	-0.56761777 0.24750398 0.024222358 -0.27805133 0.2372396 0.092897077 0.038944737 0.093769768 -0.05412738 -0.022465095 0.002936451 -0.0020213448 0.015398803 0.03313171 -0.038898242 	0.32456946	0.00025780133
11700	-0.5729219 0.25011106 0.024850693 -0.27643967 0.23770578 0.092660912 0.038652137 0.093491489 -0.054212189 -0.022453823 0.0028809011 -0.0020382582 0.015241985 0.032953499 -0.038865668 	0.32456167	0.00025455879
11800	-0.57820646 0.25271247 0.025487711 -0.27488782 0.23814108 0.092409698 0.038381325 0.093165348 -0.054277315 -0.022455826 0.0028354369 -0.0020408967 0.015123478 0.032777012 -0.038838021 	0.3245542	0.00025191248
11900	-0.58347133 0.25530642 0.026135631 -0.27340276 0.23855367 0.092163824 0.038146464 0.092790639 -0.054330517 -0.022479617 0.002791322 -0.0020205622 0.015041348 0.032609352 -0.038819657 	0.32454699	0.00025035668
12000	-0.58871576 0.25789215 0.026796029 -0.27198912 0.23895053 0.09194269 0.03795715 0.092373894 -0.054384176 -0.022523199 0.0027431181 -0.0019931739 0.01498603 0.032457667 -0.038812724 	0.32454005	0.00024867867
12100	-0.59393999 0.26046245 0.027467734 -0.27064897 0.23934011 0.091736167 0.037804909 0.091920471 -0.054452695 -0.022577439 0.0026948906 -0.0019823939 0.014953044 0.032336084 -0.0388002 	0.32453336	0.00024656829
12200	-0.59914392 0.26300984 0.028150386 -0.26938337 0.23972952 0.091527525 0.037678204 0.091438403 -0.054551927 -0.022627702 0.0026523494 -0.002002637 0.01493513 0.032249938 -0.038773938 	0.32452693	0.00024450271
12300	-0.60432455 0.26553552 0.028844511 -0.26818996 0.24012734 0.091325276 0.037572277 0.090950699 -0.054687946 -0.022678284 0.0026097831 -0.0020468105 0.014925809 0.032197384 -0.038734668 	0.32452077	0.00024289561
12400	-0.60947806 0.26804287 0.029552066 -0.26706608 0.24054106 0.091141255 0.037485146 0.090482478 -0.054863787 -0.022734725 0.002559044 -0.0020905044 0.014917054 0.032165832 -0.03869616 	0.32451488	0.00024183029
12500	-0.61460206 0.27052926 0.030273068 -0.26600843 0.24097843 0.090961409 0.037402763 0.090051352 -0.055081387 -0.022799275 0.0025011722 -0.0021080995 0.014910588 0.032144948 -0.03866235 	0.32450925	0.00024025471
12600	-0.61969491 0.2729901 0.031006313 -0.26501412 0.24144624 0.090762422 0.037307235 0.089669333 -0.055341551 -0.022866635 0.0024428992 -0.002091321 0.014908293 0.032125882 -0.03863064 	0.32450381	0.00023843993
12700	-0.62475344 0.27542799 0.031751089 -0.26408107 0.24195105 0.090546184 0.037191754 0.089350658 -0.055637615 -0.022930628 0.0023833142 -0.0020527527 0.014899407 0.032100455 -0.038596994 	0.32449855	0.00026181376
12800	-0.62977361 0.27785004 0.032506479 -0.26320689 0.24249908 0.090330701 0.037056266 0.089110029 -0.055957392 -0.022989929 0.0023180303 -0.0020177771 0.014872342 0.032064216 -0.038558496 	0.32449343	0.00029263446
12900	-0.63475321 0.28025743 0.033271591 -0.26239114 0.2430958 0.090113849 0.036896788 0.088946759 -0.056289441 -0.02303651 0.0022490556 -0.0020035528 0.01482055 0.03201672 -0.038513698 	0.32448842	0.00030436916
13000	-0.63969157 0.28264637 0.034044817 -0.26163332 0.24374622 0.089877286 0.03670476 0.08884981 -0.056622716 -0.023068363 0.0021844295 -0.0020100688 0.014753069 0.031962297 -0.038464361 	0.32448352	0.0002772576
13100	-0.64458762 0.28501631 0.034826174 -0.26093426 0.24445394 0.089618498 0.036482515 0.088805832 -0.056944014 -0.023090031 0.0021260671 -0.002021388 0.01467721 0.031901227 -0.038424378 	0.32447874	0.00026873076
13200	-0.64943989 0.28737085 0.035615887 -0.26029527 0.24522125 0.08935468 0.036242001 0.088803633 -0.05723867 -0.023113877 0.0020700661 -0.0020206531 0.014598393 0.031831636 -0.038409815 	0.3244741	0.00026338187
13300	-0.65424879 0.28970934 0.036412397 -0.25971874 0.24604805 0.08909298 0.035991816 0.088826172 -0.057498133 -0.023146032 0.0020185534 -0.0020046716 0.014523983 0.031752775 -0.03842614 	0.32446958	0.00023275314
13400	-0.65901694 0.2920254 0.037212121 -0.2592083 0.2469322 0.088824154 0.035734173 0.088849606 -0.057721103 -0.023181265 0.0019800997 -0.0019862542 0.014460548 0.031666414 -0.03846333 	0.3244652	0.00021496765
13500	-0.66374671 0.29431506 0.038010651 -0.25876633 0.2478698 0.088550167 0.03547428 0.088856942 -0.057909428 -0.023216487 0.0019595675 -0.0019880474 0.014413089 0.031573989 -0.038508623 	0.32446094	0.00020968586
13600	-0.66843923 0.29657924 0.038804886 -0.25839439 0.24885613 0.088291072 0.035225253 0.088839382 -0.058065127 -0.023251324 0.0019512844 -0.0020238384 0.014378021 0.031473977 -0.038556018 	0.32445678	0.00026601871
13700	-0.67309569 0.29881705 0.039591577 -0.25809116 0.24988573 0.088058174 0.034995198 0.088792461 -0.058194349 -0.023289734 0.001950197 -0.0020911718 0.014359546 0.031366639 -0.038605843 	0.32445272	0.00036804075
13800	-0.67771822 0.30102222 0.040367443 -0.25785367 0.25095307 0.087839634 0.034782586 0.088709615 -0.058307908 -0.023331639 0.0019559416 -0.0021704553 0.01436578 0.031255909 -0.038659275 	0.32444879	0.00035963651
13900	-0.68230813 0.30318992 0.041129595 -0.25767642 0.25205218 0.087624801 0.034584861 0.088591545 -0.058418217 -0.023378109 0.0019680653 -0.0022409469 0.01440256 0.031146833 -0.038721236 	0.324445	0.00027372322
14000	-0.68686463 0.30532189 0.041875888 -0.25755186 0.25317749 0.087422285 0.03440527 0.088450471 -0.058534485 -0.02343273 0.0019801622 -0.0022930245 0.014463811 0.031044799 -0.038794906 	0.32444137	0.00019355583
14100	-0.69138634 0.30742112 0.042604326 -0.25747153 0.25432288 0.087240904 0.034246226 0.088302258 -0.058666752 -0.023493092 0.0019882582 -0.0023336166 0.014536009 0.030954341 -0.038878883 	0.32443794	0.00016936092
14200	-0.69587242 0.30948691 0.043311923 -0.25742602 0.25548284 0.08707106 0.034100905 0.08815984 -0.058825691 -0.023552386 0.0019957393 -0.00237762 0.0146093 0.030882236 -0.03896022 	0.32443471	0.00021167824
14300	-0.70032166 0.31151849 0.043996772 -0.2574059 0.25665169 0.086898337 0.03396167 0.088034356 -0.059020846 -0.023602061 0.0020068928 -0.0024351377 0.014675114 0.030829971 -0.039029605 	0.32443169	0.00026194441
14400	-0.70473087 0.31352057 0.044658723 -0.25740101 0.25782511 0.086723771 0.033827447 0.08794091 -0.059254329 -0.023644011 0.002017572 -0.0025019941 0.01472673 0.030793484 -0.03908562 	0.32442885	0.00026875365
14500	-0.70909601 0.31549978 0.045299186 -0.25740157 0.25899908 0.086552115 0.03370032 0.087892333 -0.059524238 -0.02368373 0.002020571 -0.0025625695 0.014761339 0.030763378 -0.039136258 	0.3244262	0.00019834505
14600	-0.71341392 0.31745896 0.045919345 -0.25739901 0.26017056 0.08637277 0.033576749 0.087891463 -0.059826682 -0.023723522 0.0020133727 -0.0025995467 0.014782638 0.030732324 -0.039185332 	0.32442371	0.00013292136
14700	-0.71768198 0.31939941 0.046519846 -0.25738588 0.26133661 0.08616991 0.033451061 0.087934349 -0.060156547 -0.023762065 0.0019983558 -0.0026084727 0.014796959 0.030695781 -0.039233013 	0.32442138	0.00012708182
14800	-0.72189693 0.32132647 0.047101733 -0.25735662 0.26249487 0.085944552 0.033324843 0.088015593 -0.060503569 -0.023797238 0.0019745786 -0.0025996889 0.014801638 0.030651195 -0.039277052 	0.32441923	0.000144714
14900	-0.72605531 0.32324788 0.047665797 -0.25730657 0.26364292 0.085709803 0.033204122 0.088129372 -0.060854963 -0.023829686 0.0019412168 -0.0025936486 0.014792262 0.030598123 -0.039316432 	0.32441726	0.00019273877
15000	-0.73015526 0.32516712 0.048212201 -0.25723308 0.26477842 0.085467773 0.033091227 0.088261381 -0.061198716 -0.023857477 0.0019026201 -0.0026048658 0.014767154 0.030539101 -0.039348725 	0.32441548	0.00019949184
15100	-0.73419645 0.32708351 0.048740279 -0.25713432 0.2658985 0.085210059 0.032984115 0.088392378 -0.061525483 -0.023880683 0.0018679158 -0.002635069 0.014733529 0.030477357 -0.039375543 	0.32441389	0.00016568074
15200	-0.73817863 0.32899766 0.049249497 -0.2570094 0.26700016 0.084938013 0.032884531 0.088505307 -0.061825353 -0.023904475 0.0018408971 -0.0026725461 0.014698604 0.030413745 -0.03940403 	0.32441246	0.00013584539
15300	-0.74210155 0.33091225 0.049739143 -0.25685793 0.26807953 0.084665317 0.032798271 0.088588376 -0.062090038 -0.023936183 0.0018199087 -0.0027037521 0.014667738 0.030345734 -0.039445319 	0.32441116	0.00010299514
15400	-0.74596615 0.33282714 0.050206858 -0.25668001 0.26913235 0.084399549 0.03272638 0.088630721 -0.062315686 -0.023978456 0.0018041695 -0.002723139 0.014646597 0.030272472 -0.039501365 	0.32440997	9.0774516e-05
15500	-0.7497748 0.33473821 0.050648856 -0.25647631 0.27015342 0.084137063 0.032663825 0.08862156 -0.062505298 -0.024024688 0.0017967121 -0.0027378607 0.014639656 0.030194386 -0.039565667 	0.32440885	8.4476494e-05
15600	-0.75352962 0.3366426 0.051060966 -0.25624682 0.27113778 0.083880213 0.032606135 0.088557227 -0.062663959 -0.024068392 0.0017976803 -0.0027615016 0.014647098 0.030113086 -0.039627405 	0.3244078	0.00011656234
15700	-0.75723178 0.33854051 0.05144018 -0.25599071 0.27208048 0.083642415 0.032553488 0.088442587 -0.062797961 -0.024106025 0.0018027137 -0.0028034479 0.014663611 0.030028252 -0.039682013 	0.32440681	0.00018121479
15800	-0.76088232 0.34043103 0.051784301 -0.25570603 0.27297761 0.083431011 0.032504001 0.08828569 -0.062915163 -0.024137359 0.0018084779 -0.0028598563 0.01468546 0.029940939 -0.039728184 	0.32440588	0.00020755689
15900	-0.76448269 0.34230969 0.052091903 -0.2553899 0.27382591 0.083237717 0.032450698 0.088093954 -0.063026545 -0.024162226 0.0018170154 -0.0029156843 0.014713515 0.029853761 -0.039767889 	0.32440502	0.00016863347
16000	-0.76803359 0.34417284 0.052362918 -0.25503897 0.27462344 0.083053691 0.032387773 0.087877013 -0.063142292 -0.024181511 0.001829738 -0.0029532797 0.014746401 0.029770152 -0.039804197 	0.32440423	8.4604239e-05
16100	-0.7715342 0.34602111 0.052598722 -0.25464935 0.27536931 0.082882059 0.032315215 0.087649907 -0.063270057 -0.024198164 0.0018440861 -0.0029648034 0.014777995 0.029692773 -0.03984097 	0.32440349	7.3986332e-05
16200	-0.77498311 0.34785613 0.052801609 -0.25421792 0.27606382 0.08272652 0.032234764 0.087426729 -0.06341565 -0.024211406 0.0018565012 -0.0029548558 0.014798418 0.029624318 -0.039876558 	0.3244028	6.1575364e-05
16300	-0.77837934 0.34967702 0.052973983 -0.25374225 0.27670811 0.082579044 0.03214466 0.087216417 -0.063584893 -0.024216607 0.0018674493 -0.0029367283 0.014802461 0.029567638 -0.039903686 	0.32440214	6.1604444e-05
16400	-0.78172177 0.3514825 0.053119143 -0.2532212 0.27730433 0.082428539 0.032044076 0.087023561 -0.063780816 -0.024209331 0.0018769436 -0.0029209497 0.01478769 0.029523182 -0.039914996 	0.3244015	5.1161622e-05
16500	-0.78500851 0.35327419 0.053241807 -0.25265455 0.27785541 0.082273923 0.031938339 0.08685252 -0.064001706 -0.024191652 0.0018808012 -0.0029087767 0.01475394 0.029486577 -0.039911163 	0.32440089	5.0554054e-05
16600	-0.78823751 0.35505447 0.053347372 -0.25204331 0.27836511 0.082117523 0.031835657 0.086704759 -0.064241764 -0.024170467 0.0018736181 -0.0028916584 0.014704013 0.029451258 -0.039897679 	0.3244003	8.0308525e-05
16700	-0.79140786 0.35682255 0.053440741 -0.2513901 0.27883734 0.081952365 0.031741178 0.086574819 -0.064494713 -0.024150813 0.0018553546 -0.0028595165 0.014644748 0.02941158 -0.039880045 	0.32439977	0.00014484489
16800	-0.79451954 0.35857594 0.053525659 -0.2506989 0.27927637 0.081768496 0.031657787 0.086453153 -0.064753205 -0.024135617 0.0018297756 -0.0028098119 0.014583268 0.029365449 -0.039859438 	0.32439929	0.00020006381
16900	-0.79757258 0.36031421 0.053605194 -0.24997485 0.2796863 0.081567308 0.031591513 0.086331252 -0.065008177 -0.024126202 0.0017993411 -0.0027516234 0.014520783 0.029312488 -0.039836532 	0.32439888	0.00020866122
17000	-0.80056718 0.36203816 0.053681347 -0.24922381 0.28007126 0.081358728 0.031549348 0.086202387 -0.065249454 -0.024123716 0.0017647979 -0.002700472 0.014455164 0.029254664 -0.039810799 	0.32439855	0.00020258191
17100	-0.80350475 0.36374571 0.053754744 -0.24845219 0.28043489 0.081146063 0.031533348 0.086058043 -0.065469383 -0.024126692 0.0017293546 -0.0026687267 0.014387014 0.029195388 -0.039781881 	0.3243983	0.00019862994
