15
100	0.0040100396 0.0016211805 0.0056389212 0.014154035 0.017269767 0.00126094 0.00084611536 0.0092675579 0.018780405 0.0072829324 0.021950086 0.036864135 0.043382272 0.054456377 0.037746356 	0.57102462	0.29109792
200	0.0031287789 -0.003576075 0.00088282712 0.018440399 0.032132219 -0.0066767801 -0.009754644 0.00073200667 0.040156152 -0.016582286 0.019796871 0.075542838 0.046087044 0.12530175 0.018026935 	0.36676975	0.14173505
300	0.00011644026 -0.0092253283 -0.0032617633 0.018129955 0.046602717 -0.0035247981 -0.0073304535 -0.012018505 0.062990972 -0.022993786 0.016162345 0.11822771 0.021951739 0.21278829 -0.020144787 	0.2020503	0.31591325
400	-0.0048871191 -0.017032894 -0.010380827 0.019672982 0.056373622 -0.00069701087 -0.0047583415 -0.016713413 0.071628794 -0.033653244 0.022577383 0.13963193 0.0056663837 0.30258765 -0.030185497 	0.13864974	0.032332119
500	-0.012622647 -0.027964684 -0.021058836 0.022102961 0.05531459 -0.002626303 -0.0042987308 -0.013269161 0.058214784 -0.047443118 0.039908868 0.12966903 -0.00027736866 0.37700304 -0.030820008 	0.10096489	0.62270186
600	-0.022581602 -0.039884465 -0.031751722 0.021169956 0.046115634 -0.00058993859 0.0038216582 -0.0083891672 0.030737518 -0.044779581 0.059418877 0.10261487 -0.017678953 0.43526483 -0.032056034 	0.067451761	0.076371068
700	-0.033214732 -0.051888908 -0.043310754 0.019734492 0.033762381 0.0056592863 0.013113347 -0.0032431843 -0.0037965824 -0.042009001 0.074284625 0.069503299 -0.030698111 0.48164265 -0.025390327 	0.048115749	0.10071669
800	-0.043087752 -0.063862356 -0.053301107 0.01763742 0.024009462 0.011026311 0.020370561 -0.0052951714 -0.033700881 -0.035732974 0.079169464 0.048653689 -0.039948418 0.52040299 -0.016759671 	0.043694812	0.011212123
900	-0.051596978 -0.074430505 -0.061607658 0.016409137 0.017436514 0.017150977 0.025192978 -0.011592134 -0.054015871 -0.031011465 0.075230697 0.041543616 -0.04026365 0.55367881 -0.015126498 	0.041587935	0.005549744
1000	-0.058930459 -0.083364228 -0.068481151 0.016399078 0.012799491 0.023790114 0.028332126 -0.019033024 -0.065903168 -0.029261968 0.066205488 0.043547873 -0.032449627 0.5813109 -0.021874355 	0.039179601	0.0047494295
1100	-0.065585388 -0.091437373 -0.073662082 0.015995868 0.0099112092 0.028202601 0.031235512 -0.028599901 -0.071392586 -0.026156769 0.053803003 0.052915093 -0.025867514 0.60242688 -0.024616319 	0.03802386	0.0031943214
1200	-0.072039068 -0.098374722 -0.078152422 0.015578776 0.0060955481 0.03321878 0.035517037 -0.036084602 -0.075054465 -0.024943746 0.041789337 0.060924087 -0.019240272 0.61440766 -0.028095907 	0.038109517	0.0075399735
1300	-0.07848266 -0.10495317 -0.081940559 0.015453374 0.00099497048 0.036036249 0.040305589 -0.041111799 -0.078887738 -0.024087898 0.032912894 0.06558067 -0.012115259 0.61807512 -0.027419955 	0.038142309	0.057405717
1400	-0.084912663 -0.11119357 -0.08480831 0.015451905 -0.0053234402 0.036659442 0.04540606 -0.04404243 -0.082845007 -0.021942305 0.027502383 0.067084578 -0.0067238152 0.61463105 -0.026467682 	0.037831861	0.01267203
1500	-0.091032004 -0.11635756 -0.086874672 0.01574358 -0.011650092 0.03768765 0.05015706 -0.044464371 -0.084756678 -0.020835281 0.024370434 0.067280688 -0.0043631279 0.60683141 -0.024777698 	0.03756611	0.0049655993
1600	-0.096520839 -0.12059958 -0.087894811 0.017015764 -0.016843147 0.037590326 0.052547998 -0.043053097 -0.083213311 -0.020940327 0.023850497 0.068594221 -0.0034147165 0.59783531 -0.021379186 	0.037338004	0.00280447
1700	-0.10125507 -0.12393614 -0.087693678 0.019574763 -0.020973276 0.036306235 0.05210411 -0.04035293 -0.07840838 -0.021481337 0.025985484 0.071158672 -0.0031795612 0.5888509 -0.021455512 	0.036873802	0.0028476677
1800	-0.1051915 -0.12608146 -0.086387024 0.02311858 -0.023666282 0.035676977 0.049419939 -0.036988656 -0.070396804 -0.022860284 0.029066125 0.075417226 -0.0054164657 0.58088027 -0.022074299 	0.036239471	0.0056634731
1900	-0.10848162 -0.12745388 -0.084167731 0.027782641 -0.025416809 0.035131704 0.044855074 -0.033488479 -0.061195626 -0.024810174 0.033167406 0.079977188 -0.0083015412 0.57389402 -0.022572912 	0.035757711	0.002922248
2000	-0.11139115 -0.12845393 -0.081237057 0.033440709 -0.027078369 0.034446403 0.039534183 -0.030254763 -0.053139066 -0.026466593 0.038292494 0.082913268 -0.010828889 0.56716847 -0.023928157 	0.035535453	0.0029152611
2100	-0.11412727 -0.12911944 -0.077836739 0.039513266 -0.028737961 0.034639459 0.034906559 -0.02778376 -0.047020731 -0.027616384 0.042919088 0.084062225 -0.014627147 0.5606068 -0.023288525 	0.03544171	0.0027818844
2200	-0.11683424 -0.12971927 -0.07417284 0.046096113 -0.030702616 0.035169996 0.031434586 -0.026108011 -0.043473164 -0.028367389 0.04696624 0.082971665 -0.01802749 0.55437066 -0.022377546 	0.035396273	0.001498377
2300	-0.11956817 -0.13045923 -0.070326203 0.053167458 -0.032678297 0.035199697 0.029195077 -0.025536961 -0.041956874 -0.028662374 0.049837297 0.080806456 -0.020385024 0.54931037 -0.021248559 	0.035395588	0.0013565226
2400	-0.12234296 -0.13111601 -0.066415057 0.060502938 -0.03421112 0.035607942 0.028674872 -0.025873455 -0.041234082 -0.028953601 0.050329775 0.07905731 -0.022459264 0.54628669 -0.019742149 	0.035375268	0.0012401189
2500	-0.12524587 -0.13187776 -0.062554573 0.068182855 -0.035351223 0.035646355 0.029447814 -0.026886039 -0.041002392 -0.029299894 0.048849059 0.078016161 -0.023128557 0.5455762 -0.019835389 	0.035242152	0.0011454019
2600	-0.12839986 -0.13290525 -0.058854362 0.075973361 -0.035970455 0.034954122 0.031084571 -0.02852335 -0.041036937 -0.029551952 0.045612378 0.078205457 -0.022825314 0.54716653 -0.020093167 	0.035016614	0.0010184246
2700	-0.13196807 -0.13406953 -0.055529044 0.08357521 -0.03641302 0.034762437 0.033677503 -0.030091125 -0.041610422 -0.030022548 0.041063132 0.078789208 -0.022347212 0.55020628 -0.020694905 	0.034806617	0.0011555428
2800	-0.13610946 -0.13565608 -0.052613783 0.09084576 -0.037034637 0.034375042 0.036558535 -0.031551423 -0.043344069 -0.030058724 0.036462732 0.079015794 -0.021699942 0.5538218 -0.021492824 	0.034662285	0.0012028195
2900	-0.14089163 -0.13765794 -0.050173241 0.097628223 -0.037896174 0.034077993 0.03926024 -0.032736786 -0.04618756 -0.029766082 0.032386929 0.078647993 -0.021363177 0.55747868 -0.021310341 	0.034558553	0.0011545619
3000	-0.14630916 -0.13986894 -0.048247632 0.10388316 -0.039086494 0.034680505 0.041569931 -0.033317919 -0.049701775 -0.029553688 0.029173398 0.077440344 -0.021524864 0.56075174 -0.021010909 	0.034479982	0.00089860673
3100	-0.15230432 -0.14238967 -0.046674468 0.10964222 -0.040366809 0.035231328 0.042845057 -0.03374949 -0.053134173 -0.02891785 0.027171652 0.076178445 -0.022115537 0.56372763 -0.020527435 	0.034430818	0.00057658949
3200	-0.15877383 -0.14497891 -0.045434803 0.11499084 -0.041514592 0.03617282 0.043001686 -0.033934926 -0.055533146 -0.028497641 0.026184036 0.075340331 -0.022967326 0.56650533 -0.02009647 	0.034387961	0.00044937682
3300	-0.16564543 -0.14748688 -0.044465664 0.11996953 -0.042450786 0.037614414 0.042238851 -0.033900122 -0.05636489 -0.028481527 0.026001718 0.075146918 -0.024038804 0.56898514 -0.020245599 	0.034316458	0.00049937794
3400	-0.17288966 -0.15002461 -0.043626191 0.12458801 -0.043152006 0.038656887 0.040732263 -0.034007684 -0.055663684 -0.028327653 0.026591625 0.075765867 -0.02529262 0.57097821 -0.020630279 	0.034217954	0.00049400283
3500	-0.18047835 -0.15243478 -0.042958192 0.12890877 -0.043788521 0.03978858 0.039083184 -0.033944114 -0.053793565 -0.028570875 0.027679697 0.076587064 -0.026479883 0.57206573 -0.021159277 	0.03411877	0.0004541747
3600	-0.18839711 -0.15473858 -0.042400641 0.13294503 -0.044496728 0.040794999 0.037718435 -0.033757651 -0.051351341 -0.028988295 0.029089775 0.077230329 -0.027596646 0.57191627 -0.021411622 	0.034023602	0.00053164717
3700	-0.19661186 -0.15700584 -0.04184205 0.13673664 -0.045349305 0.041230399 0.036833262 -0.033637247 -0.048896603 -0.029109858 0.030686954 0.077538888 -0.02863097 0.57040341 -0.021245607 	0.033920067	0.0005118897
3800	-0.20503057 -0.15905608 -0.041273048 0.14041352 -0.046320782 0.041672789 0.036580063 -0.033371161 -0.046625823 -0.029378228 0.03209273 0.077379526 -0.029392343 0.56767691 -0.020875862 	0.033813618	0.00046867385
3900	-0.21354286 -0.16086442 -0.040571375 0.14409279 -0.047191131 0.041907163 0.036713517 -0.033162955 -0.044516784 -0.029622932 0.033041338 0.077216182 -0.029869927 0.56424993 -0.020158511 	0.033723437	0.00045888259
4000	-0.22204052 -0.16237947 -0.039617582 0.14790149 -0.047785385 0.041855352 0.03696143 -0.03313847 -0.042509663 -0.029665977 0.033382479 0.077413912 -0.030057342 0.56066042 -0.019640089 	0.033653378	0.00046861604
4100	-0.23043032 -0.16344645 -0.038391488 0.15195572 -0.047957617 0.041998458 0.037163791 -0.033142281 -0.040522201 -0.029850719 0.032951901 0.078079814 -0.029987033 0.55741314 -0.019558041 	0.033590535	0.00048290534
4200	-0.23867705 -0.1641133 -0.036838363 0.15630991 -0.047613653 0.042073569 0.037067931 -0.033259916 -0.038710429 -0.030002584 0.03191329 0.079254069 -0.029782085 0.55489954 -0.019581544 	0.033527923	0.00046776569
4300	-0.24680064 -0.16440133 -0.0349647 0.16096945 -0.04687013 0.042118745 0.03670229 -0.033376844 -0.037441412 -0.030032455 0.030591428 0.080453728 -0.02958964 0.55317109 -0.019967051 	0.033467044	0.0005747375
4400	-0.25484625 -0.16430287 -0.032830994 0.1658706 -0.045817403 0.04236517 0.036238208 -0.033349107 -0.036963705 -0.030054601 0.029199351 0.081224947 -0.029722208 0.55220604 -0.020312739 	0.033400982	0.00068573122
4500	-0.26287179 -0.16392236 -0.030471156 0.17096604 -0.044530293 0.04252279 0.035723538 -0.033241254 -0.037429947 -0.029966362 0.02805175 0.081307936 -0.030212848 0.55196181 -0.020287585 	0.033316708	0.00080597019
4600	-0.27092494 -0.16327601 -0.027937939 0.17621062 -0.043092524 0.042630185 0.035318381 -0.033056116 -0.038736676 -0.029833909 0.027292927 0.080544504 -0.030986581 0.55233038 -0.020269857 	0.033215109	0.00093128017
4700	-0.27903481 -0.16235464 -0.025277543 0.18151095 -0.041420915 0.042755584 0.035125101 -0.032942816 -0.040429525 -0.029764242 0.026751837 0.079287931 -0.032142215 0.55331748 -0.020041086 	0.033111669	0.0010731481
4800	-0.28722731 -0.16120077 -0.02252764 0.18684557 -0.039477084 0.042739698 0.035093998 -0.033054969 -0.042095121 -0.029811659 0.026359921 0.077897732 -0.033344723 0.5548692 -0.019876256 	0.033016745	0.0012326317
4900	-0.29553854 -0.15983037 -0.019741332 0.19216288 -0.037269898 0.042624709 0.035219729 -0.033456796 -0.043414198 -0.030033741 0.025982661 0.07665071 -0.03437325 0.55680775 -0.02007975 	0.032928486	0.0014115031
5000	-0.30402184 -0.15827304 -0.016974986 0.19734521 -0.034811705 0.042500582 0.035512179 -0.034199238 -0.044219531 -0.030381551 0.025429069 0.075795872 -0.035324745 0.55887785 -0.020349179 	0.03284521	0.0016114421
5100	-0.31274506 -0.15660441 -0.014294481 0.20234007 -0.032257892 0.042345078 0.035921492 -0.035179973 -0.044686395 -0.030780999 0.024769408 0.075195514 -0.035996845 0.56068553 -0.020790392 	0.032769336	0.0018305835
5200	-0.32177361 -0.15489416 -0.011760837 0.20708059 -0.029747413 0.042165086 0.036393575 -0.036262798 -0.045057607 -0.031141248 0.024074369 0.074680566 -0.036362835 0.56187825 -0.021204404 	0.032697669	0.0020784606
5300	-0.33115436 -0.1531698 -0.0094187558 0.21148459 -0.027355938 0.042070271 0.036897042 -0.037310902 -0.045481185 -0.031384205 0.023337917 0.074173614 -0.036631829 0.56223401 -0.021279887 	0.032620819	0.0023766768
5400	-0.34090415 -0.15145471 -0.0072864484 0.215557 -0.025142354 0.04204371 0.037319999 -0.038170428 -0.046036656 -0.031468812 0.022666907 0.073600835 -0.036755863 0.56168501 -0.021257691 	0.032534167	0.002785766
5500	-0.35100503 -0.14975078 -0.0053575529 0.21932736 -0.023032391 0.042001807 0.037495984 -0.038775726 -0.046584838 -0.031425836 0.022090361 0.073133234 -0.036741731 0.56041702 -0.021093441 	0.032441041	0.0034204143
5600	-0.36141795 -0.14800178 -0.003613815 0.22282327 -0.020912316 0.042028571 0.037357392 -0.039079391 -0.046872734 -0.031357028 0.021548292 0.072979544 -0.036731621 0.55870955 -0.020855012 	0.032344639	0.0046046731
5700	-0.37210067 -0.14618282 -0.0020139105 0.22610732 -0.01871745 0.042057986 0.036867349 -0.039094666 -0.046759721 -0.031272003 0.021092421 0.073213205 -0.036732885 0.55681909 -0.02088582 	0.03224431	0.007665081
5800	-0.38301299 -0.14428672 -0.00052041965 0.22924091 -0.016383194 0.04198731 0.036033909 -0.038893458 -0.046209352 -0.031212679 0.020773549 0.073829883 -0.036760551 0.55498264 -0.02105766 	0.03214153	0.027795933
5900	-0.39412472 -0.14227797 0.00084755667 0.23226834 -0.013924764 0.041926574 0.035018972 -0.038507472 -0.045343404 -0.031267377 0.020622122 0.074593245 -0.036884965 0.55329052 -0.021294481 	0.032043723	0.015056165
6000	-0.40541424 -0.14017143 0.0020027787 0.23523069 -0.01140822 0.041818932 0.033999787 -0.038061695 -0.044429714 -0.031296856 0.020737823 0.075201128 -0.037146523 0.5517361 -0.021605072 	0.031953088	0.0053349976
6100	-0.41685078 -0.13797492 0.0029847941 0.23817576 -0.0088597227 0.041634968 0.033100064 -0.037701038 -0.043692369 -0.031270944 0.021124376 0.075445468 -0.037548182 0.55033538 -0.021749 	0.03186584	0.0030494851
6200	-0.42838828 -0.13564587 0.0038371311 0.24117073 -0.0062877788 0.041524412 0.032431834 -0.037496315 -0.043249426 -0.03129051 0.021688885 0.075197636 -0.038018112 0.54911733 -0.021731875 	0.031778628	0.0041225386
6300	-0.43997438 -0.13317977 0.0046426743 0.24427323 -0.0036488986 0.04140736 0.032001621 -0.037613947 -0.043112706 -0.031241835 0.022309055 0.074584201 -0.038520145 0.54816287 -0.021656599 	0.031691529	0.0073981142
6400	-0.45155141 -0.13054096 0.0054633591 0.24754745 -0.0008637088 0.041304824 0.031770485 -0.038118492 -0.043185543 -0.031160642 0.022793515 0.073837881 -0.038980009 0.54758496 -0.021581511 	0.031604235	0.033313202
6500	-0.46307288 -0.12768445 0.0063365069 0.25105608 0.002070707 0.041297841 0.031690422 -0.038949524 -0.043381065 -0.031166443 0.022978141 0.073143533 -0.039282875 0.54744382 -0.021629922 	0.031518104	0.014478551
6600	-0.47452014 -0.12462833 0.0073128233 0.25481534 0.0050409596 0.04124776 0.031697754 -0.040077069 -0.043701483 -0.031139143 0.022802701 0.072671651 -0.039449619 0.54771385 -0.02180719 	0.031429912	0.0059463215
6700	-0.4858963 -0.1213694 0.0084001727 0.25882049 0.0080112742 0.041185041 0.031790248 -0.041332229 -0.04421542 -0.031096186 0.022257588 0.072403461 -0.039534539 0.54826401 -0.022091307 	0.031340245	0.0036968481
6800	-0.49722057 -0.11792183 0.0095874124 0.26305967 0.010924376 0.041114846 0.031957241 -0.042519407 -0.045029537 -0.031079666 0.021426621 0.072218181 -0.039563566 0.54891669 -0.022386061 	0.031251586	0.0026322479
6900	-0.50852125 -0.11433498 0.010877765 0.26749809 0.013729514 0.040903847 0.032160134 -0.043547001 -0.046215992 -0.030986765 0.020454871 0.072032012 -0.039629754 0.54950362 -0.022580715 	0.031163894	0.001997244
7000	-0.51981908 -0.11060844 0.01225536 0.27210403 0.016393015 0.040626352 0.032391893 -0.044306266 -0.047716918 -0.030862857 0.01944422 0.071762983 -0.039815266 0.54990127 -0.022704998 	0.0310768	0.0015864238
7100	-0.53112439 -0.10675272 0.013710436 0.27686038 0.018936495 0.040279097 0.03257584 -0.044793656 -0.049349598 -0.030762425 0.01848707 0.071454701 -0.040126409 0.55009286 -0.022727179 	0.030991638	0.0013211723
7200	-0.5424435 -0.10279076 0.015244601 0.28175195 0.02139971 0.039802694 0.032616605 -0.045101539 -0.050875887 -0.030676119 0.017667767 0.07121393 -0.040541095 0.55011185 -0.022725238 	0.030909168	0.0011383044
7300	-0.55378374 -0.098714763 0.016842778 0.28675262 0.023813492 0.039311361 0.032490964 -0.045306516 -0.052055197 -0.030670286 0.0170013 0.071106129 -0.041068154 0.54998651 -0.022825599 	0.030827524	0.0010086652
7400	-0.56516209 -0.094554488 0.018487925 0.29183287 0.026197609 0.038811571 0.032173745 -0.045526737 -0.05274951 -0.030751744 0.01651429 0.071171505 -0.041680214 0.54973552 -0.022974993 	0.030744433	0.00090252413
7500	-0.57660869 -0.09035928 0.020154115 0.29696278 0.02851734 0.038291581 0.031687716 -0.045843178 -0.05298081 -0.03089265 0.016256964 0.071325679 -0.042303535 0.54931285 -0.023184058 	0.030659877	0.00082620742
7600	-0.58816101 -0.086165323 0.021803743 0.30209132 0.030719014 0.037837937 0.031132618 -0.046277072 -0.052859125 -0.031080445 0.016214196 0.071435215 -0.04295725 0.54864192 -0.023391271 	0.030574987	0.00074863552
7700	-0.59985488 -0.082029254 0.023407133 0.30717527 0.032761581 0.037433022 0.030582801 -0.04684316 -0.052542722 -0.031256262 0.016360103 0.071413294 -0.0436402 0.54768396 -0.023467252 	0.030490053	0.00067198175
7800	-0.61171437 -0.077996451 0.024938696 0.31220005 0.034615729 0.037054498 0.030086219 -0.047501317 -0.052179444 -0.031401304 0.016655104 0.071206825 -0.044270026 0.54645551 -0.023453336 	0.030405479	0.00059768174
7900	-0.62374691 -0.074084074 0.026384647 0.31714927 0.036309027 0.036728308 0.029677566 -0.048203508 -0.051819757 -0.031517898 0.016972443 0.070899913 -0.044860273 0.5450641 -0.023343783 	0.030322914	0.00053243229
8000	-0.63594553 -0.07030591 0.027748767 0.32202625 0.037896995 0.036426639 0.029341894 -0.048911276 -0.051467997 -0.031591312 0.017191295 0.070644413 -0.045403327 0.54367597 -0.023201789 	0.030243391	0.00052752621
8100	-0.64829372 -0.06666676 0.029040227 0.32685896 0.039430822 0.036123693 0.029035681 -0.049567682 -0.051132052 -0.031644039 0.01723448 0.070552935 -0.045829245 0.54245887 -0.02316376 	0.030165556	0.00053583043
8200	-0.66077306 -0.063160876 0.03027498 0.33166053 0.040961347 0.035835684 0.028735254 -0.050138524 -0.050831007 -0.031685936 0.017033299 0.070702991 -0.046177228 0.54154362 -0.02320174 	0.030087343	0.00054480556
8300	-0.67336871 -0.059787343 0.031475341 0.33644545 0.042494888 0.035571742 0.028435497 -0.050606079 -0.050655059 -0.03169221 0.016603557 0.071039622 -0.04648603 0.54096856 -0.023335694 	0.030008346	0.00055305026
8400	-0.6860668 -0.056548264 0.032664755 0.34123414 0.044014549 0.035329088 0.028134058 -0.050973641 -0.050724269 -0.031649777 0.016025245 0.071420218 -0.046765046 0.54070665 -0.023528344 	0.029929208	0.00056147215
8500	-0.69885042 -0.05343218 0.033869492 0.3460374 0.045512561 0.035141278 0.027849068 -0.051275543 -0.051107254 -0.031562657 0.015369016 0.071710306 -0.047076298 0.54070424 -0.023645852 	0.029849981	0.00057297324
8600	-0.71169746 -0.050420793 0.035124163 0.35087317 0.046981892 0.035026039 0.027600056 -0.051568498 -0.051806806 -0.03142596 0.014715674 0.071798586 -0.047446757 0.54089458 -0.023715054 	0.029770688	0.00058811442
8700	-0.72457806 -0.047492247 0.036467602 0.35576612 0.048451876 0.034957884 0.027378052 -0.05193279 -0.052721224 -0.031256541 0.014115102 0.071683452 -0.047869582 0.54124908 -0.0237336 	0.029692371	0.00061051854
8800	-0.73745878 -0.044608369 0.037932652 0.36074058 0.049972871 0.034946602 0.027176569 -0.052423757 -0.053671687 -0.03112257 0.013565381 0.071436036 -0.048330035 0.54175741 -0.023712663 	0.029616057	0.00064416839
8900	-0.75031261 -0.041739929 0.039551061 0.36581462 0.051581607 0.034966424 0.026992673 -0.053075549 -0.054493407 -0.031049866 0.013061765 0.071139387 -0.048805779 0.54238405 -0.023760833 	0.029541421	0.00068644873
9000	-0.76312395 -0.038872788 0.041344153 0.37099292 0.053303273 0.034963696 0.026821692 -0.053891712 -0.055078251 -0.031043309 0.012591765 0.070871759 -0.049290516 0.5430657 -0.02387488 	0.029467652	0.00073878935
9100	-0.77589056 -0.035994464 0.04331198 0.37627164 0.055127678 0.034941186 0.026678431 -0.054802522 -0.055411342 -0.031137267 0.012144692 0.070630254 -0.049770468 0.54368917 -0.024030608 	0.029394801	0.00080079709
9200	-0.78862333 -0.03311533 0.045450511 0.38163267 0.057018093 0.034862582 0.026573448 -0.055730928 -0.055567869 -0.031290174 0.011730642 0.070373114 -0.050256578 0.54411243 -0.024202373 	0.029323124	0.00086753935
9300	-0.80133749 -0.030250849 0.04774823 0.38705134 0.058940041 0.034706234 0.026502596 -0.056596203 -0.055646259 -0.031454958 0.011348563 0.070065325 -0.050775743 0.54421701 -0.024316381 	0.029251888	0.00094417219
9400	-0.81404487 -0.027406002 0.050184279 0.39251235 0.060870938 0.034506765 0.026442704 -0.057306955 -0.055718572 -0.031639603 0.010982522 0.069686424 -0.0513167 0.54394027 -0.024353206 	0.029180063	0.0010328692
9500	-0.82675253 -0.024595082 0.052746895 0.39800153 0.062817287 0.034250069 0.026337591 -0.057834632 -0.055804331 -0.031807576 0.010611206 0.069292162 -0.051874667 0.5432989 -0.024326873 	0.029107645	0.0011347422
9600	-0.83946239 -0.021822561 0.055423042 0.40350681 0.064807515 0.033958441 0.02613345 -0.058180803 -0.055865616 -0.031950133 0.010195471 0.068972718 -0.05245011 0.54237506 -0.024285206 	0.029035369	0.001262558
9700	-0.85217515 -0.019088429 0.058193429 0.40902234 0.066873783 0.033679459 0.025791472 -0.058362865 -0.055847644 -0.032101711 0.0097059106 0.068796758 -0.053015663 0.54128496 -0.02428669 	0.028963697	0.0014195641
9800	-0.86489748 -0.016410694 0.061041722 0.41453558 0.069037874 0.033402402 0.025296269 -0.058444738 -0.055727844 -0.032249016 0.0091496282 0.068794949 -0.053558485 0.54014177 -0.02434968 	0.028893014	0.0016112861
9900	-0.87764335 -0.013804282 0.06394346 0.42002535 0.071294389 0.033158121 0.024693178 -0.058482248 -0.055531399 -0.032393436 0.0085522189 0.068907513 -0.054091157 0.53901993 -0.02448268 	0.028824202	0.0018591143
10000	-0.89043159 -0.011288578 0.066869382 0.4254688 0.07362108 0.032970537 0.024056643 -0.058525876 -0.055324307 -0.032545715 0.0079597649 0.069017353 -0.054622329 0.53796474 -0.024636442 	0.028757889	0.0021797364
10100	-0.90328154 -0.0088915145 0.069795552 0.43084462 0.0759912 0.032814066 0.023460722 -0.05863427 -0.055186925 -0.032687047 0.007430622 0.06900592 -0.055154053 0.53700721 -0.02475276 	0.028693389	0.0026244364
10200	-0.91620613 -0.0066232664 0.072700237 0.4361346 0.078386013 0.032706343 0.022981915 -0.05884044 -0.055164419 -0.032822372 0.006987562 0.068787529 -0.055698221 0.53617706 -0.024825861 	0.028629286	0.0033274992
10300	-0.92920808 -0.0044863569 0.075570409 0.44133013 0.080813337 0.032646349 0.02265404 -0.05917123 -0.05524751 -0.032960964 0.0066174087 0.068365846 -0.056253189 0.53552622 -0.024844988 	0.028564871	0.0046169238
10400	-0.94228068 -0.002478048 0.078402467 0.4464363 0.083295208 0.032608864 0.022462223 -0.059638451 -0.055393994 -0.033107543 0.0062889096 0.06780907 -0.056782132 0.53511051 -0.024853252 	0.028500307	0.0078690565
10500	-0.95541168 -0.00058057971 0.081196931 0.45145932 0.085856674 0.032608133 0.022376311 -0.060222898 -0.055549763 -0.033274092 0.0059417904 0.067212229 -0.057270211 0.53496134 -0.024908726 	0.028435855	0.031839707
10600	-0.96858816 0.0011744774 0.083959807 0.45640569 0.088514755 0.032644521 0.022349178 -0.060890206 -0.055689963 -0.033448907 0.0055244595 0.066663327 -0.057714243 0.5350682 -0.025020351 	0.028374132	0.01403549
10700	-0.98179793 0.0026690518 0.086699219 0.46128834 0.091261736 0.03273545 0.022342144 -0.061571236 -0.055839836 -0.033616066 0.0050218233 0.066185603 -0.058092563 0.53536257 -0.025198207 	0.028314133	0.0051623847
10800	-0.99503032 0.0039225426 0.089422835 0.46611229 0.09407722 0.032902346 0.022326539 -0.062199427 -0.05605044 -0.033764733 0.004424152 0.065757811 -0.058434022 0.53573403 -0.025401083 	0.028255513	0.0029166612
10900	-1.0082728 0.0049568931 0.092147139 0.47088705 0.096938355 0.033112348 0.022271206 -0.062733928 -0.056374745 -0.033856182 0.0037565764 0.065343594 -0.058762505 0.53606455 -0.025580332 	0.028198463	0.0018933619
11000	-1.0215065 0.0058083141 0.094888949 0.47563212 0.099829631 0.033360626 0.022160055 -0.063134411 -0.056822753 -0.033897591 0.0030507304 0.064900401 -0.059079829 0.53625709 -0.025731104 	0.028142781	0.002359891
11100	-1.0347064 0.0065206054 0.097670492 0.48036629 0.10276207 0.033640401 0.021986498 -0.063396696 -0.057335015 -0.033906475 0.0023218287 0.064436491 -0.059414078 0.53626452 -0.025829154 	0.028088548	0.0031621613
11200	-1.0478442 0.0071344919 0.10051838 0.4851143 0.10575814 0.033911964 0.021742969 -0.063550049 -0.057814449 -0.033896121 0.0015940266 0.063983469 -0.059770766 0.53608004 -0.025914115 	0.028035963	0.0045143276
11300	-1.0608914 0.0076946034 0.10345337 0.48990272 0.1088445 0.034159962 0.021435063 -0.063627997 -0.058151481 -0.033912122 0.0008859645 0.063569314 -0.060140768 0.53572321 -0.026030737 	0.027984721	0.0078365711
11400	-1.0738257 0.0082380261 0.10649142 0.49474811 0.11204382 0.034372203 0.021083411 -0.063676596 -0.05826429 -0.033984322 0.0002120969 0.063211372 -0.06053843 0.53521941 -0.026168758 	0.02793417	0.030490615
11500	-1.0866354 0.0087865502 0.10963946 0.4996596 0.11535193 0.034528217 0.020715995 -0.063738257 -0.058144716 -0.034120046 -0.00035393619 0.062871716 -0.06097011 0.53457092 -0.02635115 	0.027884718	0.012984861
11600	-1.0993204 0.0093538799 0.11288234 0.50462582 0.11875184 0.034637236 0.020356765 -0.06384887 -0.057837634 -0.034364045 -0.00069565608 0.062485191 -0.061490143 0.53376587 -0.026537768 	0.027835767	0.0033875359
11700	-1.1118827 0.0099536879 0.11620819 0.50963759 0.12222611 0.034737783 0.020044697 -0.064013975 -0.057412881 -0.034698412 -0.00084176216 0.062012438 -0.06211925 0.53280404 -0.026673115 	0.027787486	0.00067211589
11800	-1.1243275 0.010578911 0.11960239 0.5146965 0.12575163 0.03479823 0.019774342 -0.064234813 -0.056966739 -0.035071366 -0.00082882903 0.061433062 -0.062788595 0.53170203 -0.026795652 	0.027740837	0.00069032987
11900	-1.1366605 0.011233646 0.12303979 0.51979196 0.12932791 0.034844744 0.019536978 -0.064496649 -0.056553254 -0.035467098 -0.00076621498 0.060789934 -0.063475051 0.53051321 -0.026877889 	0.027696784	0.00059952293
12000	-1.1488887 0.011923491 0.12649277 0.52490976 0.13295805 0.034913628 0.019322739 -0.064774581 -0.056205013 -0.03586444 -0.00077605837 0.060148593 -0.064160858 0.52930712 -0.0269499 	0.02765562	0.00086733073
12100	-1.1610223 0.012636771 0.12993627 0.53004246 0.13664033 0.034967591 0.019099873 -0.065052541 -0.055959086 -0.036213387 -0.00093212408 0.05956978 -0.064779444 0.52815902 -0.027075992 	0.027616712	0.0027214
12200	-1.1730746 0.013373119 0.13333664 0.53517162 0.14037449 0.035027384 0.018863795 -0.065300325 -0.055833152 -0.036511513 -0.0013067901 0.059093101 -0.065315959 0.52713626 -0.027225224 	0.027579072	0.0038444995
12300	-1.1850644 0.014129754 0.13666045 0.54027256 0.14413882 0.035113943 0.01863276 -0.065493222 -0.05585832 -0.036749178 -0.0019210463 0.058695102 -0.065780239 0.52626757 -0.027412575 	0.027542131	0.003756913
12400	-1.1970125 0.014889065 0.13988182 0.54532261 0.14790335 0.035181065 0.018415156 -0.065639719 -0.056071414 -0.036889864 -0.0027270293 0.058322306 -0.066173637 0.52555995 -0.027628377 	0.027505891	0.0032413248
12500	-1.2089357 0.015653433 0.14297315 0.55029979 0.15164433 0.035255151 0.018237377 -0.065740159 -0.056468107 -0.036962197 -0.0036689405 0.057908499 -0.06652026 0.52501177 -0.027811612 	0.027470607	0.002694093
12600	-1.2208452 0.016428121 0.14591872 0.55518631 0.15534087 0.03535059 0.018118779 -0.065818895 -0.057012077 -0.036980952 -0.0046672297 0.057399339 -0.06684846 0.52461289 -0.027971724 	0.027436589	0.0021391473
12700	-1.2327451 0.017213619 0.14871661 0.55997168 0.15898897 0.035429938 0.018045649 -0.065934313 -0.057631636 -0.036941452 -0.0056344488 0.056793526 -0.067176473 0.52436286 -0.02811337 	0.027404118	0.0016585466
12800	-1.244631 0.018032882 0.15136396 0.56465415 0.16259586 0.035530469 0.018003996 -0.066114373 -0.058222462 -0.036908823 -0.0065179056 0.05611213 -0.067510583 0.52426009 -0.028240785 	0.027373205	0.0012690413
12900	-1.2564956 0.018903096 0.15386954 0.56923437 0.16616713 0.035654383 0.017969302 -0.066390893 -0.058698706 -0.036903613 -0.0072714703 0.055398484 -0.067856961 0.52428308 -0.028386159 	0.027343521	0.00092874425
13000	-1.2683318 0.01983379 0.15624811 0.57371349 0.16970191 0.035773465 0.017912716 -0.066785608 -0.059017596 -0.036913404 -0.0078617632 0.054699653 -0.068221866 0.5243835 -0.028559449 	0.027314777	0.00064843654
13100	-1.2801325 0.020846295 0.15850595 0.57809587 0.17318727 0.035921501 0.017826126 -0.067262995 -0.059179903 -0.036975421 -0.008290275 0.054027859 -0.068600899 0.5244841 -0.028747596 	0.027287051	0.00050718883
13200	-1.2918925 0.021947521 0.16065613 0.58238438 0.17660318 0.036076322 0.017701423 -0.067788253 -0.059235001 -0.037069956 -0.0085649456 0.053393481 -0.068995302 0.52449411 -0.028925791 	0.027260519	0.00052218778
13300	-1.3036055 0.023143189 0.16271393 0.58658388 0.17992955 0.036209091 0.017538806 -0.068316735 -0.059249064 -0.037163125 -0.0087112925 0.052805992 -0.0694065 0.52433049 -0.029085262 	0.027235064	0.00054001153
13400	-1.3152598 0.024452048 0.16468957 0.59070626 0.18315889 0.036337575 0.017347027 -0.068783584 -0.059266345 -0.037272222 -0.0087866805 0.052280906 -0.069823893 0.5239453 -0.029210619 	0.027210369	0.00055986019
13500	-1.3268404 0.025882679 0.16660129 0.59476782 0.1862989 0.036423787 0.01711893 -0.069161091 -0.059310018 -0.037378805 -0.0088448317 0.051862315 -0.070231512 0.52333591 -0.029303228 	0.027186195	0.00057740978
13600	-1.3383292 0.027448096 0.16846791 0.59878724 0.18936506 0.036447722 0.016854003 -0.069438015 -0.059377753 -0.037471256 -0.0089396968 0.051589643 -0.070618729 0.52253409 -0.029406103 	0.027162451	0.00059774768
13700	-1.3497067 0.029167461 0.17030269 0.60278433 0.19237958 0.036427875 0.016559962 -0.069612924 -0.059448742 -0.037573234 -0.0091214883 0.051481982 -0.070979981 0.52159954 -0.029524576 	0.027139188	0.00061672539
13800	-1.3609579 0.031044486 0.17212038 0.60677786 0.19535636 0.036341475 0.016239096 -0.0697201 -0.059521042 -0.03767415 -0.0093960891 0.051521196 -0.071304757 0.52059643 -0.029665462 	0.027116701	0.00063019515
13900	-1.372073 0.033081971 0.17393005 0.61077926 0.19829597 0.03619646 0.015912134 -0.06980052 -0.059609191 -0.037765303 -0.0097470001 0.051637997 -0.071605195 0.51957755 -0.029838738 	0.027095446	0.00064085529
14000	-1.383047 0.035281641 0.17573337 0.61479347 0.20119537 0.036025881 0.015606357 -0.069895256 -0.059732579 -0.037855888 -0.010147841 0.05174096 -0.071907767 0.51859264 -0.030000342 	0.027075598	0.00064569031
14100	-1.3938794 0.037631801 0.17753157 0.61882498 0.20404543 0.035823896 0.015333723 -0.070053427 -0.059918877 -0.037932908 -0.010546332 0.051738127 -0.07221556 0.51768755 -0.0301381 	0.027056775	0.00064374155
14200	-1.4045718 0.040123595 0.17932236 0.62287119 0.20684276 0.0356067 0.015106274 -0.070311242 -0.060172782 -0.037992712 -0.010910414 0.051572616 -0.072546192 0.51691015 -0.030249179 	0.027038341	0.00063852381
14300	-1.415127 0.042749616 0.18109959 0.62692542 0.20959416 0.035399724 0.014926015 -0.070685987 -0.060472489 -0.038049041 -0.011235701 0.051241146 -0.072914039 0.51631181 -0.030323801 	0.027019915	0.00062892599
14400	-1.4255511 0.045491995 0.18285718 0.63098202 0.2123049 0.035187125 0.014774059 -0.071181038 -0.060796292 -0.038101541 -0.011519741 0.050778547 -0.073295867 0.51593059 -0.030398842 	0.027001539	0.00061458033
14500	-1.4358537 0.048334451 0.18458538 0.63502576 0.21497938 0.034971562 0.014638187 -0.071775291 -0.061122667 -0.038154032 -0.011787786 0.05024888 -0.073687046 0.51577863 -0.030487483 	0.026983545	0.0005977132
14600	-1.4460493 0.051259044 0.18627067 0.63903574 0.21761049 0.034764774 0.014513868 -0.072424295 -0.061451947 -0.038211797 -0.012071351 0.049710514 -0.0740834 0.51582877 -0.030595871 	0.026966426	0.00057698211
14700	-1.4561569 0.054236635 0.18790025 0.64299081 0.22017672 0.034543168 0.01439107 -0.073081515 -0.061817436 -0.038259142 -0.012380792 0.049201575 -0.074460263 0.51601682 -0.030729819 	0.026950615	0.00055250905
14800	-1.4661958 0.05724338 0.18946052 0.64686524 0.22265334 0.034310697 0.01427251 -0.073698034 -0.062254486 -0.038289142 -0.012730593 0.048746391 -0.074816645 0.51625812 -0.030859493 	0.02693618	0.00052703957
14900	-1.4761821 0.060259991 0.19094132 0.65063684 0.22501605 0.034081019 0.01416289 -0.074235674 -0.062786377 -0.038298798 -0.013125237 0.048356217 -0.075152387 0.51646614 -0.030974911 	0.026922794	0.00050040898
15000	-1.4861256 0.063265755 0.19234068 0.65429268 0.2272521 0.033837124 0.014049164 -0.074687919 -0.063409285 -0.0382778 -0.01355037 0.048050609 -0.07545245 0.51657858 -0.031071563 	0.026910092	0.00047392046
15100	-1.4960278 0.066253872 0.19366062 0.65782639 0.22936451 0.033594106 0.013920745 -0.075062225 -0.064076086 -0.038242668 -0.013996906 0.047854263 -0.075714724 0.51656532 -0.031148145 	0.026897955	0.00044991296
15200	-1.5058835 0.069222965 0.1949097 0.66123871 0.23136536 0.033365747 0.013766554 -0.075384693 -0.064717445 -0.038209423 -0.014446642 0.047786117 -0.075942995 0.51642302 -0.031227957 	0.026886412	0.00042746794
15300	-1.5156836 0.072168951 0.19610199 0.66453764 0.23327116 0.033137688 0.013570495 -0.075697017 -0.065267514 -0.038183451 -0.014864559 0.047850281 -0.076136913 0.51616805 -0.031321887 	0.026875464	0.00040690859
15400	-1.5254172 0.075095552 0.19724969 0.66773394 0.23509436 0.032925312 0.013334932 -0.076024766 -0.065678699 -0.038188405 -0.015218173 0.048013494 -0.076308234 0.5158196 -0.031430171 	0.026865112	0.00038872466
15500	-1.5350741 0.078002864 0.19836713 0.67083825 0.23684058 0.032730027 0.013072204 -0.076388142 -0.065939222 -0.038226058 -0.015472917 0.048216997 -0.076482102 0.51539332 -0.031543769 	0.026855415	0.00037136116
15600	-1.5446443 0.080886146 0.19946948 0.67386402 0.23851171 0.032533606 0.012794102 -0.076796611 -0.066070302 -0.038284792 -0.015598852 0.048392401 -0.076675901 0.51490548 -0.031644454 	0.026846422	0.00035516244
15700	-1.5541161 0.08374695 0.20056899 0.67682679 0.24011171 0.032344229 0.01251717 -0.077234558 -0.066104259 -0.038370761 -0.015595882 0.048479651 -0.076902836 0.51437853 -0.031716483 	0.026838177	0.00034039517
15800	-1.5634764 0.086583704 0.2016815 0.67974214 0.24165244 0.032152604 0.012247757 -0.077687297 -0.066074847 -0.038469525 -0.015489705 0.048459112 -0.077174092 0.51384704 -0.03175506 	0.026830842	0.00032620413
15900	-1.5727104 0.089394114 0.20282347 0.68262847 0.24315212 0.031944444 0.011980118 -0.078136904 -0.066011149 -0.03856635 -0.015328119 0.048346853 -0.077479921 0.51335481 -0.031778903 	0.026824648	0.00031312068
16000	-1.5818031 0.092180052 0.20400803 0.68550331 0.24463318 0.031729153 0.0117073 -0.078558521 -0.06593442 -0.038665677 -0.015181722 0.048182357 -0.077802022 0.5129461 -0.031802268 	0.026819621	0.00030091186
16100	-1.5907429 0.094936827 0.20524867 0.68837916 0.24611328 0.031501934 0.011421999 -0.078940991 -0.065874167 -0.038752189 -0.01511618 0.048011502 -0.07812317 0.51264987 -0.031841236 	0.026815459	0.00028863954
16200	-1.5995235 0.097656265 0.20655492 0.69126366 0.24759851 0.031262501 0.01112538 -0.07927837 -0.065872299 -0.038811655 -0.015179199 0.047858124 -0.078423445 0.5124697 -0.031910012 	0.02681174	0.00027641776
16300	-1.6081433 0.10033003 0.20793008 0.69415814 0.2490864 0.031027306 0.010830772 -0.079568276 -0.065972598 -0.038845952 -0.015399088 0.04772123 -0.078690726 0.51238767 -0.031989111 	0.026808172	0.00026588113
16400	-1.6166056 0.10294424 0.20937619 0.69705849 0.25056668 0.030797351 0.010555943 -0.079824581 -0.066213581 -0.0388457 -0.015770788 0.047582202 -0.07892016 0.512371 -0.032066847 	0.026804646	0.00027835848
16500	-1.6249157 0.10548638 0.21089256 0.69995732 0.25203027 0.030576346 0.010320061 -0.080068594 -0.066606056 -0.038812004 -0.016268152 0.047420563 -0.079114591 0.51238884 -0.032135123 	0.026801249	0.00033755514
16600	-1.6330786 0.1079485 0.21247522 0.70284658 0.25347664 0.030375589 0.010136267 -0.080322259 -0.067120413 -0.038768512 -0.016854748 0.047229806 -0.079279884 0.51242613 -0.032180773 	0.026798266	0.0003648286
16700	-1.6410992 0.1103216 0.2141207 0.70571826 0.25491073 0.030188425 0.010004777 -0.080611695 -0.067698331 -0.038732576 -0.017480037 0.047019475 -0.079421454 0.51248146 -0.032220462 	0.02679602	0.00035919767
16800	-1.6489828 0.11259934 0.21582322 0.70856228 0.25634167 0.030012287 0.0099185548 -0.08095453 -0.068264795 -0.038724485 -0.018095246 0.046810227 -0.079554825 0.51256095 -0.032268224 	0.026794597	0.00032935692
16900	-1.6567364 0.1147768 0.21757259 0.7113679 0.25777532 0.029852454 0.0098647336 -0.08134951 -0.068753361 -0.038769864 -0.018655292 0.046615443 -0.079693705 0.51266551 -0.032329322 	0.026793812	0.00027728958
17000	-1.6643699 0.11684374 0.21935724 0.71412275 0.25920779 0.029699676 0.0098245282 -0.081784434 -0.06912964 -0.038870617 -0.019115597 0.046433798 -0.079849838 0.51277935 -0.03240934 	0.026793424	0.00020944646
17100	-1.6718953 0.11879038 0.2211629 0.71681155 0.26062807 0.029555915 0.0097821876 -0.082232174 -0.069389364 -0.039018778 -0.019449887 0.046252165 -0.080042369 0.51287103 -0.032494384 	0.026793273	0.00015867114
