15
100	0.0087187561 0.01667827 0.016389514 0.021561571 0.031266679 0.047802086 0.030020123 0.033341424 0.061813834 0.042758776 0.041601421 0.067329156 0.067725074 0.07554184 0.094723753 	-1.2992019	0.0086905516
200	0.0057262516 0.013362929 0.0022505319 0.017704507 0.051599999 0.045685234 0.0055060107 0.018124046 0.1146931 -0.015527239 0.01679622 0.10928069 0.057643864 0.14585437 0.12820426 	-1.6658555	0.073307311
300	0.0018196157 0.0080161871 -0.0052453929 0.014315068 0.074805925 0.039529933 -0.015404592 -0.0042954629 0.18293612 -0.028092368 0.012325833 0.17168149 0.05047711 0.24418457 0.12864044 	-1.9278992	0.073260183
400	-0.0047649434 -0.00033404874 -0.012170931 0.0057116887 0.090353447 0.029414668 -0.033605836 -0.034854553 0.25065642 -0.021277706 0.012845698 0.22099859 0.025520514 0.34665469 0.071440042 	-2.1472874	0.14839054
500	-0.011040278 -0.0026464737 -0.019547444 1.2271282e-05 0.097419819 0.042026932 -0.03692533 -0.047162302 0.31579511 -0.019850971 0.02633497 0.24511621 0.011322985 0.44807832 -0.029562687 	-2.3313161	4.7355392
600	-0.017102178 -0.0033148125 -0.030649293 -0.0026252631 0.10695652 0.055567987 -0.042558899 -0.051091492 0.3830376 -0.03962799 0.042420166 0.25548592 0.0092554793 0.54999542 -0.072910763 	-2.4004335	0.011875472
700	-0.024353112 -0.008408268 -0.044394012 -0.0067126524 0.11701557 0.050079821 -0.058695825 -0.063174263 0.44354378 -0.063180604 0.058563023 0.25026695 0.0017127518 0.64059822 -0.051195488 	-2.4326537	0.018344034
800	-0.032386011 -0.01370295 -0.055028075 -0.0094614944 0.11351948 0.044443494 -0.071381012 -0.071347298 0.48537447 -0.0585798 0.08577092 0.22165091 -0.0011764587 0.7079983 -0.08415378 	-2.4581568	0.087676083
900	-0.041110684 -0.018316729 -0.06669911 -0.016417488 0.10888392 0.045025063 -0.08375398 -0.079879181 0.51939497 -0.049756522 0.10052037 0.18641348 -0.021212585 0.75768028 -0.073833075 	-2.4751999	0.012305319
1000	-0.050116109 -0.022123939 -0.078727677 -0.023879288 0.099904858 0.052652275 -0.095821612 -0.086608391 0.54481691 -0.038677526 0.10966065 0.14386067 -0.039245918 0.79236957 -0.060292461 	-2.4836685	0.0046679343
1100	-0.058846091 -0.025229476 -0.088955068 -0.028990245 0.085435244 0.065173012 -0.10629172 -0.090557623 0.56200824 -0.019735539 0.12065149 0.098183345 -0.041708158 0.81648627 -0.071636263 	-2.4900964	0.0078466407
1200	-0.067641561 -0.028842865 -0.10027761 -0.036277672 0.07329346 0.076161745 -0.11909974 -0.097571078 0.5772678 -0.0090051703 0.11745684 0.061514467 -0.046254233 0.83390099 -0.053358096 	-2.4939892	0.012084782
1300	-0.07601235 -0.032335326 -0.10913659 -0.043523927 0.060361262 0.085708857 -0.12969049 -0.10511369 0.58932155 0.0080316165 0.10909592 0.036539475 -0.044800587 0.84712854 -0.048072772 	-2.4947575	0.024464807
1400	-0.084187527 -0.035808412 -0.11688814 -0.050612469 0.046837326 0.093188996 -0.13896951 -0.1126258 0.59910235 0.022136755 0.095364438 0.022328562 -0.037026941 0.85817162 -0.055179456 	-2.4959737	0.0044583498
1500	-0.091988741 -0.038891244 -0.12382466 -0.057589426 0.035739265 0.099273146 -0.14660067 -0.11972131 0.60978571 0.029940364 0.076380408 0.022444617 -0.025140184 0.86981141 -0.050733376 	-2.4989387	0.0054865797
1600	-0.099829429 -0.042024733 -0.13039457 -0.064313828 0.024287477 0.10304804 -0.15295375 -0.12625805 0.61888234 0.032322729 0.056369779 0.029097015 -0.01020257 0.88054072 -0.049209854 	-2.5008455	0.015841385
1700	-0.10766912 -0.04500444 -0.13531637 -0.070613171 0.011100137 0.10522581 -0.15615281 -0.13166871 0.62534332 0.03754933 0.040233005 0.038569582 0.005204728 0.88939662 -0.057698879 	-2.5020499	0.023730746
1800	-0.11573674 -0.047935573 -0.13957964 -0.077930105 -0.0023208032 0.10598524 -0.15709706 -0.13691394 0.63020096 0.041913174 0.025154859 0.050727626 0.011536806 0.89644494 -0.059090015 	-2.5023142	0.060476268
1900	-0.12390331 -0.050524928 -0.14331797 -0.084737852 -0.015644002 0.10707881 -0.15611289 -0.13995698 0.63282276 0.044082916 0.015667276 0.06111149 0.014228682 0.90234794 -0.056818009 	-2.5016481	0.0088941985
2000	-0.1320841 -0.052814742 -0.14645796 -0.089754567 -0.029796094 0.10877627 -0.15396061 -0.13984868 0.63211044 0.044260818 0.015364908 0.065656527 0.018920925 0.90707514 -0.059678927 	-2.5018099	0.004690212
2100	-0.14038812 -0.055192101 -0.149503 -0.094485256 -0.04347428 0.10944593 -0.15199983 -0.13879128 0.62931885 0.041100363 0.019860155 0.06572916 0.01910129 0.91011611 -0.054020356 	-2.5026483	0.0034885572
2200	-0.14855724 -0.057326062 -0.15100972 -0.098697042 -0.057656531 0.10971592 -0.14864432 -0.13681562 0.62441861 0.041340504 0.029546005 0.063255483 0.015349079 0.91150451 -0.053369887 	-2.5038123	0.0039334236
2300	-0.15646661 -0.059129066 -0.1514643 -0.10254478 -0.071212797 0.10970127 -0.14465204 -0.13464518 0.61900063 0.041728227 0.040679085 0.060712522 0.0086122405 0.91179323 -0.050756299 	-2.5044523	0.0090695003
2400	-0.16401487 -0.060525233 -0.15140756 -0.10567504 -0.08378865 0.10966078 -0.14094073 -0.132367 0.61393472 0.038655334 0.051014498 0.059084427 0.0022154571 0.91160323 -0.045531941 	-2.5046082	0.018613358
2500	-0.17091112 -0.061232714 -0.14992177 -0.10740727 -0.095687175 0.11007551 -0.1368201 -0.12957969 0.60954979 0.035755092 0.061295499 0.059491054 -0.00043892581 0.91141283 -0.044425322 	-2.5045663	0.047521119
2600	-0.17727538 -0.061661714 -0.1473855 -0.10888481 -0.10639261 0.10932129 -0.13346838 -0.12820257 0.60625387 0.031956894 0.067264938 0.06349997 -0.0022792115 0.91075218 -0.043942753 	-2.5045005	0.007237178
2700	-0.18299404 -0.061716382 -0.14340651 -0.11015541 -0.1156094 0.10763307 -0.13070844 -0.12835839 0.60444633 0.029271982 0.068638892 0.071881372 -0.0032611802 0.90977041 -0.042321003 	-2.5047814	0.0013031123
2800	-0.1881641 -0.061336424 -0.13839688 -0.11073431 -0.12433858 0.10595767 -0.12886829 -0.12911837 0.60334523 0.026470815 0.067032718 0.081467685 -0.0014593404 0.90836537 -0.04452681 	-2.5051849	0.025601102
2900	-0.1927695 -0.060347823 -0.13250811 -0.11041914 -0.13221761 0.10529406 -0.12787543 -0.12981391 0.60332864 0.023331741 0.063676484 0.091043373 0.0028400138 0.9068078 -0.044265818 	-2.5054083	0.013470655
3000	-0.197055 -0.059028394 -0.12609382 -0.10960526 -0.14003056 0.10515338 -0.12814137 -0.13075361 0.6034813 0.020078233 0.059019523 0.098134321 0.0061143597 0.9043785 -0.043838033 	-2.5054083	0.0052707498
3100	-0.2009635 -0.057281855 -0.11854381 -0.10800046 -0.14795605 0.1057092 -0.12882268 -0.13139886 0.60364859 0.020514315 0.055588265 0.1021197 0.0087109465 0.9012981 -0.043588594 	-2.5054705	0.0014708598
3200	-0.2048213 -0.055463023 -0.11100631 -0.10610519 -0.15621575 0.10605756 -0.13099006 -0.13211174 0.60347349 0.020230111 0.052140514 0.10142683 0.00898476 0.89751873 -0.042301333 	-2.5056932	0.00070617251
3300	-0.2083891 -0.05309471 -0.10268277 -0.10311959 -0.16450968 0.10734371 -0.13301052 -0.13149083 0.60359661 0.022008268 0.051161349 0.097850832 0.0098043658 0.89452293 -0.041120463 	-2.5059929	0.00081962572
3400	-0.21194513 -0.050520401 -0.094490765 -0.099793138 -0.17272347 0.10830258 -0.13562587 -0.13037211 0.60403919 0.021878644 0.050112866 0.092160441 0.0087948454 0.89257242 -0.039628095 	-2.506224	0.0020337404
3500	-0.21531409 -0.047569008 -0.085638887 -0.095857183 -0.18033349 0.10881892 -0.13766728 -0.12857664 0.60542537 0.022887477 0.049924217 0.087274802 0.007155078 0.89268233 -0.037764329 	-2.5063815	0.0026186478
3600	-0.2187041 -0.044588273 -0.076702423 -0.091689217 -0.18752983 0.10779793 -0.13981889 -0.12688779 0.60741812 0.022692113 0.049216846 0.083582852 0.0045128493 0.89472357 -0.037251663 	-2.5065565	0.0063047006
3700	-0.22205687 -0.041487979 -0.067476971 -0.087062813 -0.19401599 0.10561092 -0.14167514 -0.12516206 0.61032844 0.022036662 0.048578248 0.082167702 0.0025832103 0.8988905 -0.036389083 	-2.5068028	0.0047654468
3800	-0.22553652 -0.038366232 -0.058316414 -0.082253953 -0.20018222 0.10257601 -0.14342545 -0.12367044 0.61375321 0.020020581 0.047448282 0.082373743 0.0011992155 0.9043865 -0.036594538 	-2.5070718	0.012336537
3900	-0.22918381 -0.03512659 -0.049077902 -0.077445459 -0.20614668 0.099650471 -0.14463714 -0.12243805 0.61757707 0.018048724 0.045982042 0.084078153 7.3896944e-05 0.91041775 -0.037267593 	-2.5072696	0.13438139
4000	-0.23314844 -0.031888293 -0.040026179 -0.072982545 -0.21217473 0.097197304 -0.14560049 -0.1218409 0.62136222 0.015951115 0.043834389 0.086284102 -0.00071485763 0.91593485 -0.037471633 	-2.5073443	0.0071470984
4100	-0.23755329 -0.028787731 -0.031320448 -0.069049764 -0.21865082 0.095362168 -0.14659859 -0.12214004 0.62455015 0.013953591 0.041195817 0.087776746 -0.00044203211 0.92002855 -0.037440688 	-2.5073767	0.022169863
4200	-0.24243219 -0.02581608 -0.022837237 -0.065737402 -0.22573842 0.09446011 -0.14743343 -0.12330824 0.62690692 0.013240569 0.038517574 0.088126135 7.3579201e-05 0.92223893 -0.03712447 	-2.5074566	0.072630623
4300	-0.24783769 -0.022973322 -0.014725095 -0.063076359 -0.2334906 0.094627367 -0.14813574 -0.12514967 0.62833919 0.013376357 0.035921682 0.087017091 1.3011719e-05 0.92255447 -0.036215935 	-2.5076177	1.5428734
4400	-0.25375754 -0.020209637 -0.007039546 -0.060810266 -0.24188097 0.095896434 -0.14864624 -0.12715724 0.62887706 0.01385599 0.033993423 0.0846314 0.00036905841 0.92154431 -0.035256855 	-2.5078067	0.010420912
4500	-0.2601773 -0.017548144 0.00016893996 -0.058838042 -0.25064054 0.097769911 -0.14901043 -0.12910317 0.62873483 0.014171827 0.032765309 0.081817897 0.00058169081 0.91996282 -0.033640002 	-2.5079546	0.71295495
4600	-0.26707212 -0.015050006 0.0059236951 -0.057080869 -0.25958676 0.099476778 -0.14924431 -0.13090289 0.62805894 0.014387666 0.032240859 0.07957661 0.00090761822 0.91854244 -0.032044133 	-2.5079305	0.0077342281
4700	-0.27440452 -0.012725427 0.009484212 -0.055544122 -0.268498 0.1004561 -0.14928887 -0.13251992 0.6271018 0.014633438 0.032144422 0.078851221 0.0011394998 0.9178592 -0.030701485 	-2.5079373	0.0027706044
4800	-0.28211562 -0.010485381 0.011015806 -0.05419942 -0.27718167 0.1006869 -0.14902734 -0.13378088 0.62617707 0.014739305 0.03217612 0.080138157 0.0011296999 0.91828795 -0.02943619 	-2.5080233	0.0021297913
4900	-0.29014522 -0.008222301 0.010637159 -0.052927123 -0.28567664 0.10045359 -0.14842657 -0.13445053 0.62539587 0.014337858 0.032277324 0.083172662 0.0011199137 0.91990628 -0.02903244 	-2.5081957	0.0028561997
5000	-0.29839301 -0.0058512048 0.0085992275 -0.05159734 -0.29390784 0.099997615 -0.1474918 -0.13448721 0.62489203 0.013704561 0.032577169 0.087683255 0.0012965257 0.9226013 -0.028770879 	-2.5084105	0.0040422375
5100	-0.30682854 -0.0034569472 0.0049942377 -0.050271226 -0.3019916 0.099113069 -0.14664199 -0.1343041 0.62449011 0.012745053 0.032826451 0.092781788 0.0011689712 0.92580428 -0.028320891 	-2.5086017	0.0083525102
5200	-0.31532941 -0.00099116595 0.00023479804 -0.048771084 -0.31006508 0.098019595 -0.14588648 -0.13402937 0.62407737 0.012658338 0.033565345 0.097684077 0.0010715611 0.92899792 -0.027948205 	-2.5087426	0.22869697
5300	-0.32385885 0.0011799877 -0.0047557923 -0.047145622 -0.31824586 0.096955883 -0.14555394 -0.1339167 0.62357267 0.012877006 0.034404201 0.10130346 0.00060383236 0.93154196 -0.027163147 	-2.5087288	0.012479268
5400	-0.33229492 0.0018450321 -0.0087338576 -0.04522678 -0.32656728 0.096675066 -0.14542574 -0.13377215 0.62311614 0.013676966 0.035459658 0.10323164 0.00012582262 0.93319292 -0.026289313 	-2.5087292	0.038661081
5500	-0.3405573 0.0010979616 -0.011689452 -0.042994159 -0.33493912 0.097586832 -0.14539926 -0.13354876 0.62292781 0.014677866 0.036289645 0.10350558 4.2021848e-05 0.93388897 -0.025211962 	-2.5087796	0.062526263
5600	-0.34859683 -0.00079869086 -0.013590969 -0.040570368 -0.34321213 0.099382783 -0.14548889 -0.13351782 0.62315722 0.015734899 0.036182622 0.10271739 -4.7783471e-05 0.93371154 -0.024038153 	-2.5088365	0.039458113
5700	-0.35632068 -0.0023442516 -0.014203792 -0.03789246 -0.35117612 0.10141773 -0.14560859 -0.1338797 0.62393319 0.01751235 0.035113182 0.10186582 -4.3650003e-05 0.93306228 -0.023065188 	-2.5088652	0.031750161
5800	-0.36372219 -0.0033442934 -0.013680889 -0.034886305 -0.35869865 0.10278614 -0.14615338 -0.13483868 0.62521119 0.018976896 0.03297233 0.10129968 0.00022204255 0.93238048 -0.022123366 	-2.5088933	0.018937533
5900	-0.37072595 -0.0037488199 -0.011930614 -0.031233041 -0.36566895 0.10341563 -0.14695814 -0.13601128 0.62705462 0.020106004 0.030532265 0.10138375 0.0010034055 0.93227271 -0.021436974 	-2.5089426	0.011133042
6000	-0.37734924 -0.0035202981 -0.009080236 -0.026910827 -0.37208943 0.1034736 -0.14791538 -0.13711104 0.62943054 0.020335169 0.027924343 0.10205004 0.0020906097 0.93297992 -0.021105631 	-2.5090273	0.0045013747
6100	-0.38362501 -0.0026245982 -0.0051539422 -0.022046886 -0.377966 0.10320587 -0.14878638 -0.13797955 0.63227942 0.019955849 0.025229189 0.10323704 0.0027368486 0.9344774 -0.020774367 	-2.5091341	0.0087021599
6200	-0.3896167 -0.0011197613 -0.00018280728 -0.01674755 -0.38347765 0.10265161 -0.14950486 -0.13859492 0.63529703 0.019482439 0.022757476 0.10453192 0.0025015966 0.93653096 -0.020862457 	-2.5092504	0.29632942
6300	-0.39539865 0.00069622826 0.0047408501 -0.011036664 -0.38873733 0.10172896 -0.15028189 -0.13899988 0.63818578 0.018829098 0.02088772 0.10531785 0.0016293616 0.93887298 -0.020618489 	-2.5092485	0.020381677
