15
100	0.018738094 0.028330292 0.055825982 0.03748786 0.022040035 0.066718486 0.085870403 0.057670185 0.029182562 0.19036178 0.11423283 0.068483141 0.098718586 0.03322236 0.056792192 	-4.9682025	0.0065326816
200	0.024639096 0.032534732 0.079218339 0.042810317 0.02366223 0.067971348 0.11102668 0.055792293 0.025162806 0.26937124 0.14778662 0.088539604 0.090383813 0.027515214 0.036066378 	-5.1333019	0.01123361
300	0.027154783 0.028260515 0.093149628 0.037094845 0.021174352 0.043419489 0.1143389 0.030603439 0.0085269977 0.30733012 0.15319225 0.097592677 0.038750245 0.0064326336 0.0077346107 	-5.2174568	0.031092417
400	0.033858179 0.02890058 0.11270338 0.039657779 0.025867787 0.028936182 0.1232505 0.016724143 -0.0058099813 0.34312283 0.17015942 0.11680713 0.0056044701 -0.010247458 0.018820747 	-5.2448156	0.035082966
500	0.042668806 0.032877489 0.13133551 0.0495207 0.028729493 0.023329675 0.12991119 0.014853418 -0.023503612 0.35443144 0.19018028 0.12692698 -0.0069204457 -0.026063491 0.0097897071 	-5.2532105	0.015137131
600	0.052988265 0.038383049 0.14728194 0.063490517 0.033428464 0.020782463 0.13017308 0.018587431 -0.04207526 0.33718598 0.20469976 0.13286523 -0.0089301012 -0.039828292 0.0095113003 	-5.2655279	0.01361274
700	0.06477759 0.045216666 0.1631201 0.07964894 0.040635782 0.019789868 0.12777859 0.024317985 -0.059573154 0.30536174 0.21545126 0.13927212 -0.010130902 -0.051063635 0.017011296 	-5.2785661	0.0032801796
800	0.078185669 0.05376745 0.18257887 0.097563626 0.048618815 0.020833366 0.12874206 0.030953888 -0.075867154 0.27720232 0.22892777 0.14835309 -0.01422718 -0.060811193 0.013125423 	-5.2885041	0.0039301594
900	0.093156834 0.063147339 0.20668499 0.11619772 0.059201911 0.020214592 0.13335978 0.034932119 -0.089466758 0.25939474 0.24535934 0.16395348 -0.024896598 -0.068098444 0.012096832 	-5.2985304	0.0065131616
1000	0.10874681 0.07164846 0.23278181 0.13448257 0.070582366 0.013678622 0.13703231 0.033545764 -0.10277374 0.24457534 0.26021941 0.18102975 -0.042169551 -0.07530714 0.0086416497 	-5.3079181	0.0053095764
1100	0.1255579 0.08104255 0.26050166 0.15547021 0.083131802 0.0073402759 0.14050185 0.033398341 -0.11411644 0.23017926 0.2756166 0.19727728 -0.052914805 -0.080706471 0.0058112381 	-5.3155627	0.0078766865
1200	0.14281056 0.090816246 0.28778922 0.17767514 0.095602332 0.0014057474 0.14155134 0.034049758 -0.12465083 0.21039688 0.28737266 0.20913336 -0.060493955 -0.086875694 0.0018500586 	-5.3224167	0.040859462
1300	0.16031052 0.10109265 0.31501943 0.20017696 0.10828754 -0.0024559259 0.14154688 0.035349384 -0.13388977 0.18848151 0.29550702 0.21753897 -0.067878228 -0.09486996 0.0022403108 	-5.328289	0.006793775
1400	0.17797142 0.1118492 0.34343458 0.22284937 0.12034469 -0.0030186835 0.14268521 0.037246468 -0.14242706 0.17112255 0.3027473 0.22346994 -0.075252797 -0.10490864 -0.00029490582 	-5.3331858	0.084929546
1500	0.1954178 0.12197468 0.37286274 0.24474643 0.13208012 -0.0042679399 0.14387855 0.037101543 -0.1504671 0.15952735 0.30880812 0.22769979 -0.085069164 -0.11708524 5.7773596e-05 	-5.3375757	0.14365221
1600	0.21245325 0.13106068 0.40273138 0.26630324 0.14297687 -0.0076237867 0.14401028 0.035393289 -0.15851966 0.15184619 0.31397634 0.22981024 -0.094082003 -0.13026514 -0.0015848488 	-5.3413126	0.0049343028
1700	0.22909928 0.1394655 0.43242627 0.28819572 0.15364101 -0.01179812 0.1427178 0.034157559 -0.16543665 0.14513827 0.31814221 0.23012963 -0.098426455 -0.14252093 -0.0016244023 	-5.3443519	0.010116161
1800	0.24491949 0.14703909 0.46093079 0.3093766 0.1638207 -0.016313488 0.13937435 0.033135065 -0.17091214 0.13610364 0.31887975 0.22856139 -0.10144218 -0.15342372 -0.002276556 	-5.3467923	0.0038583748
1900	0.25994328 0.15437818 0.48881818 0.32968584 0.17392669 -0.018787551 0.1359936 0.033489325 -0.17366712 0.12729166 0.31708372 0.22706143 -0.10421871 -0.16168981 -0.0029340309 	-5.3486848	0.0080955317
2000	0.2739729 0.16121381 0.516395 0.34856489 0.18379917 -0.019823324 0.13332871 0.034438823 -0.17385166 0.12089897 0.31342057 0.22659166 -0.10863602 -0.16730015 -0.0044076265 	-5.3502518	0.0012776138
2100	0.2867076 0.1667738 0.54336696 0.36567213 0.1930678 -0.021822888 0.13055788 0.034766758 -0.17257382 0.11668848 0.3082265 0.22661223 -0.1143563 -0.17091321 -0.0060367949 	-5.3514392	0.0037428856
2200	0.29805142 0.17085006 0.56951788 0.38151777 0.2013869 -0.025271422 0.12734732 0.035302959 -0.1707285 0.11392508 0.30272378 0.22608826 -0.11736826 -0.17285999 -0.0073049259 	-5.3522881	0.0016851343
2300	0.30773359 0.17322801 0.59429914 0.39564532 0.2081923 -0.030119962 0.12333405 0.035929946 -0.1692431 0.11091604 0.29635013 0.22368937 -0.11848694 -0.17450995 -0.0086143565 	-5.3529149	0.0016478339
2400	0.31575759 0.17437443 0.61791262 0.40785333 0.21348108 -0.03419107 0.11982002 0.037465644 -0.16788851 0.10849868 0.28948998 0.21965053 -0.11899602 -0.17645601 -0.0088687777 	-5.3533215	0.000870709
2500	0.32213652 0.17458277 0.64064665 0.41798651 0.21714112 -0.036136728 0.11786337 0.040214924 -0.16658688 0.10776536 0.28262474 0.21466446 -0.12023628 -0.17883585 -0.0095664917 	-5.3536772	0.00075340896
2600	0.32681014 0.17355525 0.66236449 0.42587934 0.21934863 -0.037041107 0.11693998 0.043329624 -0.16541482 0.10804311 0.2756331 0.20933145 -0.12284377 -0.18140683 -0.0095127213 	-5.3539634	0.00074870055
2700	0.32983297 0.17105582 0.68301755 0.43203596 0.2202129 -0.038089275 0.11634812 0.046749189 -0.16453184 0.10851732 0.26922315 0.20423501 -0.12429501 -0.18315857 -0.0095306742 	-5.3541466	0.00074204054
2800	0.33121425 0.16685634 0.70245107 0.43655612 0.21990683 -0.04029817 0.11536914 0.049925681 -0.16395761 0.10813588 0.26333537 0.19982931 -0.12416183 -0.18355438 -0.0093302964 	-5.3543662	0.00069733395
2900	0.33103145 0.16114601 0.72078771 0.43937822 0.21858958 -0.04304704 0.11430717 0.052760972 -0.16337011 0.10702639 0.25791448 0.1966728 -0.12353209 -0.1824947 -0.0089006249 	-5.3546212	0.00055284062
3000	0.32943152 0.15439732 0.73834353 0.44055152 0.21632058 -0.044663234 0.11408225 0.05575782 -0.16239407 0.10605938 0.25323587 0.19509902 -0.12333276 -0.18018728 -0.0088965072 	-5.3549353	0.00054193281
3100	0.3264658 0.14672379 0.75509553 0.43998658 0.21310307 -0.044771621 0.11468213 0.058749755 -0.16108824 0.10494442 0.24904012 0.19468749 -0.12444512 -0.17732415 -0.0086395534 	-5.3553382	0.00055496401
3200	0.32221421 0.13807379 0.77101005 0.43800061 0.20880746 -0.043847289 0.11564907 0.061747794 -0.15990683 0.10323345 0.24563972 0.19464265 -0.12542819 -0.17437424 -0.0085003362 	-5.355772	0.00066382669
3300	0.3167742 0.12831551 0.78612163 0.43488306 0.20345566 -0.04282745 0.11644965 0.064454533 -0.15921141 0.10081228 0.24336721 0.19440422 -0.12505946 -0.17169733 -0.0078547437 	-5.3562691	0.00092274749
3400	0.31023705 0.11742502 0.80056953 0.43064284 0.19705793 -0.042200517 0.11694647 0.06635633 -0.15915054 0.098115366 0.24219117 0.19379753 -0.12395609 -0.16967161 -0.0070743148 	-5.3568332	0.0014781791
3500	0.30281537 0.10578105 0.81472247 0.425449 0.18988217 -0.041082788 0.11774964 0.067733457 -0.15921969 0.096194124 0.24228301 0.19325699 -0.12268989 -0.16815205 -0.0060382261 	-5.3574272	0.0013671412
3600	0.29464432 0.093634331 0.8286188 0.41933099 0.18211751 -0.038938837 0.11890587 0.068678007 -0.15902316 0.094756107 0.24305993 0.19289125 -0.12218807 -0.16697758 -0.0051087542 	-5.3580352	0.0022500725
3700	0.28587149 0.081133692 0.84218524 0.4125601 0.17401512 -0.035747702 0.12004199 0.06944513 -0.15824925 0.092900294 0.24405921 0.19267319 -0.12190397 -0.16568785 -0.004118942 	-5.3586258	0.0018619982
3800	0.27664125 0.068300855 0.85542286 0.40547438 0.16576401 -0.032061753 0.12069679 0.070104136 -0.1568273 0.090123148 0.24512094 0.19259056 -0.12085739 -0.16384298 -0.0032417713 	-5.3592012	0.0030530159
3900	0.26706637 0.055084047 0.86846359 0.39816265 0.15751259 -0.028668289 0.12063324 0.070240417 -0.15482854 0.086756151 0.24610012 0.19275668 -0.11936752 -0.16140702 -0.0024158161 	-5.3597505	0.0029042389
4000	0.25731241 0.041652269 0.88165476 0.39077427 0.14939366 -0.025533626 0.12024111 0.069870176 -0.15224311 0.083994803 0.24723955 0.19339435 -0.11779888 -0.15848634 -0.00169841 	-5.360258	0.0037150931
4100	0.24749519 0.028189772 0.89513062 0.38337698 0.1414265 -0.022383502 0.11974158 0.069140562 -0.14920174 0.082194255 0.24838072 0.19424961 -0.11666782 -0.15548888 -0.0011971239 	-5.3607182	0.0047632557
4200	0.23770762 0.014863976 0.90880695 0.37612345 0.13361995 -0.018925446 0.11903114 0.068436667 -0.14587578 0.080721438 0.24915085 0.19471062 -0.11577234 -0.15279425 -0.00058185443 	-5.3611178	0.009417551
4300	0.22804631 0.0018056833 0.92261801 0.36926678 0.12596041 -0.015035519 0.11796219 0.068194938 -0.14245888 0.078975953 0.24938309 0.1942739 -0.11437196 -0.15056432 -2.1232766e-05 	-5.3614829	0.33097013
4400	0.21859145 -0.01023061 0.93661972 0.36288083 0.11859306 -0.011113677 0.1164491 0.068278337 -0.13901449 0.077009436 0.24897832 0.19296872 -0.11265296 -0.14885047 0.00038881677 	-5.3615963	0.01940835
4500	0.20943301 -0.020153412 0.95102261 0.35698862 0.1117957 -0.0077282483 0.11460703 0.06832393 -0.13545364 0.075558932 0.24808762 0.19131704 -0.11114884 -0.1475094 0.0011887045 	-5.3616724	0.0044545456
4600	0.20062401 -0.028097409 0.96596832 0.35167673 0.1055737 -0.0053012529 0.1125215 0.068178974 -0.13191963 0.075068925 0.24692018 0.18965009 -0.10992733 -0.1463419 0.001558465 	-5.3617722	0.0046149938
4700	0.19220088 -0.034137529 0.98140549 0.34704794 0.10002281 -0.0038653735 0.11012923 0.067984339 -0.12841422 0.07510836 0.24540905 0.18806158 -0.10876137 -0.14513868 0.0019695343 	-5.3618959	0.0025341592
4800	0.18415679 -0.038305731 0.99715963 0.3431382 0.095113345 -0.0031205957 0.10734659 0.068020099 -0.12501219 0.074792888 0.24328152 0.18637069 -0.10756446 -0.14385241 0.0023248683 	-5.362045	0.0023317235
4900	0.17649194 -0.040582472 1.0131945 0.33997634 0.090807421 -0.0025668601 0.10438825 0.068605957 -0.12175603 0.07388684 0.24056765 0.18455043 -0.10631716 -0.14247727 0.0024886543 	-5.3622284	0.001974453
5000	0.16917183 -0.041075688 1.0295589 0.33745375 0.087084199 -0.0021703006 0.1014927 0.069616269 -0.11875054 0.072730834 0.23744038 0.18273968 -0.10548786 -0.14113407 0.0027984034 	-5.3624371	0.00099652464
5100	0.16213666 -0.039990782 1.0463121 0.33548517 0.083817637 -0.002254163 0.098796909 0.070771332 -0.1162623 0.071817057 0.23424883 0.18102881 -0.10523176 -0.13995395 0.0028421234 	-5.3626669	0.0018290893
5200	0.15533508 -0.037516934 1.0634359 0.33407467 0.080973718 -0.0030954517 0.096294256 0.071939872 -0.1144497 0.071255531 0.23131891 0.17944026 -0.10514354 -0.13895679 0.0031014119 	-5.3629178	0.0042171733
5300	0.14867293 -0.033828931 1.0807429 0.33315157 0.078403678 -0.0047776077 0.093816899 0.073052732 -0.11350401 0.070496791 0.22859485 0.17774702 -0.10502375 -0.13823463 0.0032451919 	-5.3631853	0.0041001993
5400	0.14209803 -0.028937 1.0981238 0.33267925 0.076094869 -0.0068063105 0.091483609 0.074330178 -0.11331321 0.069232417 0.2260675 0.17595699 -0.10471765 -0.13772837 0.0036124789 	-5.363463	0.0029937285
5500	0.13553787 -0.022870447 1.1155101 0.33251039 0.07398751 -0.0087340571 0.089486871 0.075811477 -0.11375267 0.067445314 0.22366335 0.17420744 -0.10461692 -0.13740313 0.0039122982 	-5.3637451	0.0028961658
5600	0.12892157 -0.015734278 1.1328791 0.33249947 0.072083073 -0.010478313 0.087942836 0.077329981 -0.11467266 0.065382301 0.22141513 0.17277395 -0.1050502 -0.13715677 0.0042636968 	-5.3640282	0.0048368902
5700	0.12218184 -0.0077017931 1.1501947 0.33260377 0.070353476 -0.01228693 0.086787484 0.078689169 -0.11601189 0.063248249 0.2194918 0.1718427 -0.10574527 -0.13682686 0.0045648797 	-5.3643048	0.010914402
5800	0.11523282 0.000997712 1.1673216 0.33276993 0.068740613 -0.014539825 0.085753913 0.079659188 -0.11777081 0.060882996 0.21789974 0.17137358 -0.10634697 -0.13634628 0.0048227832 	-5.3645525	0.09629724
5900	0.10800961 0.0090784373 1.1841424 0.332959 0.067199539 -0.017152518 0.084748958 0.080268954 -0.11984746 0.058171585 0.2166164 0.17125922 -0.10656341 -0.13571008 0.0051848459 	-5.3646354	0.0082646501
6000	0.10046985 0.015922604 1.200605 0.33310664 0.065661836 -0.019469701 0.083976812 0.080792034 -0.12204032 0.055248454 0.21559648 0.17139177 -0.10645698 -0.13499728 0.0054499035 	-5.3647045	0.0039600232
6100	0.09255866 0.021654238 1.2166344 0.33303868 0.064090318 -0.020964918 0.083583345 0.081311695 -0.12413698 0.052214238 0.21460151 0.17164298 -0.10663556 -0.13439936 0.0058301919 	-5.3647685	0.0024067739
6200	0.084239653 0.026315408 1.232189 0.33270463 0.062423788 -0.021546703 0.083562966 0.081840385 -0.12604605 0.049256032 0.21360943 0.17188485 -0.10712784 -0.13399002 0.006121032 	-5.364835	0.0015705322
6300	0.075495749 0.029847185 1.2472328 0.3321644 0.060663163 -0.021645395 0.083683166 0.082263156 -0.12773541 0.046510139 0.2127474 0.17203221 -0.10741542 -0.13369466 0.006490261 	-5.364898	0.0011881091
6400	0.066295372 0.032138233 1.2616836 0.33142022 0.058785425 -0.021887527 0.083584448 0.08231464 -0.12923868 0.043915204 0.21197844 0.17197228 -0.10726226 -0.13346092 0.0068658469 	-5.3649679	0.0014210735
6500	0.056656497 0.033259138 1.275556 0.33051721 0.056835606 -0.022253257 0.083253393 0.082073124 -0.13040015 0.041652023 0.21133013 0.17176707 -0.1065596 -0.13314806 0.0072622153 	-5.3650486	0.0017385335
6600	0.046596478 0.033365048 1.2888483 0.32941153 0.05485378 -0.022345619 0.082811317 0.081705129 -0.13100885 0.039785806 0.21061521 0.17147127 -0.10576491 -0.13270426 0.0076182255 	-5.3651357	0.0022026861
6700	0.036135785 0.032605353 1.3015363 0.32807338 0.052870994 -0.021797097 0.08233229 0.081389441 -0.13091047 0.038227799 0.20961567 0.17107448 -0.10528489 -0.13211151 0.007891892 	-5.3652374	0.0029457582
6800	0.025314431 0.031066313 1.3136242 0.32660148 0.050921479 -0.020572283 0.081777296 0.081285033 -0.13007264 0.03692005 0.20835479 0.17054087 -0.1048801 -0.13129444 0.0081197374 	-5.365354	0.0043431799
6900	0.014147394 0.028690189 1.3250902 0.32506109 0.048993608 -0.019186773 0.080898239 0.081238093 -0.12866354 0.035746338 0.20686564 0.16976257 -0.104319 -0.13027462 0.0082752053 	-5.3654789	0.0080078068
7000	0.0026700422 0.025457021 1.3359956 0.32353385 0.047102115 -0.018045382 0.079613727 0.08113391 -0.12683351 0.034883363 0.20532255 0.16874402 -0.10340178 -0.12908076 0.0084672737 	-5.365613	0.043503663
7100	-0.0084643642 0.02144585 1.34643 0.32205773 0.045247006 -0.017131017 0.078055274 0.081000844 -0.12467817 0.034567618 0.20383098 0.16752677 -0.10227897 -0.12780016 0.0085909439 	-5.365578	0.012355815
7200	-0.017946536 0.016777738 1.3564092 0.32059468 0.043430357 -0.016182439 0.076360584 0.080919059 -0.122254 0.034697518 0.20224686 0.16608333 -0.10145899 -0.12659662 0.0087059506 	-5.3655081	0.0048460074
7300	-0.025764355 0.011600691 1.3659424 0.31920742 0.041657914 -0.014850183 0.074666354 0.081141412 -0.11960866 0.035044613 0.20052979 0.16438612 -0.10094944 -0.12552852 0.0087966875 	-5.3654576	0.0046541172
7400	-0.031963287 0.0059583075 1.3750182 0.31797285 0.039930429 -0.013189264 0.072948853 0.081740706 -0.1168716 0.035320777 0.19869624 0.16243592 -0.10052638 -0.12460132 0.0088566048 	-5.3654246	0.0098912295
7500	-0.036603659 -0.00020225783 1.3836494 0.31691601 0.038259813 -0.011629257 0.071122392 0.08252662 -0.11421481 0.035419336 0.19681408 0.16035282 -0.1000988 -0.12380356 0.008978038 	-5.3654017	0.45719545
7600	-0.039730137 -0.0058224359 1.3919315 0.31607247 0.036660955 -0.010444527 0.069287596 0.083370292 -0.11175299 0.035586293 0.1951007 0.15839956 -0.099596018 -0.12306779 0.0090414988 	-5.3652776	0.0085398026
7700	-0.041417078 -0.0100843 1.3998845 0.31536382 0.035135673 -0.0098506604 0.067493776 0.084061958 -0.1095873 0.035842886 0.19354029 0.15675046 -0.099375178 -0.12243104 0.0091043526 	-5.3651862	0.0035935422
7800	-0.04172639 -0.013019118 1.4075032 0.31478814 0.03366929 -0.0097399605 0.06584015 0.084662374 -0.10777398 0.036071217 0.19215792 0.1554733 -0.099399954 -0.12189424 0.0091380474 	-5.3651274	0.0017460701
7900	-0.040720651 -0.014632632 1.4147463 0.31437333 0.032233405 -0.009862274 0.064408175 0.085357713 -0.10635213 0.036020633 0.19096966 0.15452802 -0.099415159 -0.12145984 0.0091439313 	-5.3651004	0.0006775073
