15
100	0.0041126831 0.0039037899 0.005941291 0.014211268 0.017155084 0.0062875665 0.0071104903 0.014398673 0.021770207 0.0088938572 0.022113629 0.036238169 0.045559512 0.052355587 0.04434068 	0.55698559	0.048523267
200	0.00247684 -0.00097191404 -0.000657865 0.017146821 0.030495933 -0.0075305705 0.00033835299 0.0086734027 0.043036919 -0.01811335 0.016849535 0.06930676 0.048715808 0.11658689 0.041538422 	0.39252435	0.2212453
300	-0.0013631392 -0.0053907009 -0.0055960792 0.015750755 0.040633873 -0.012900437 0.010237338 0.00016193202 0.065207754 -0.024081906 0.011757002 0.10294551 0.027737326 0.19366534 -0.0051497767 	0.24150869	0.41966455
400	-0.004909357 -0.010440084 -0.011130049 0.016211581 0.052121805 -0.015639714 0.022133791 -0.0047454248 0.080803813 -0.030642202 0.012619068 0.1283941 0.0089227087 0.28562069 -0.037012929 	0.15424629	0.010283564
500	-0.0088323095 -0.017779917 -0.019599285 0.01979283 0.06009956 -0.022320306 0.028411187 -0.0027412113 0.078040179 -0.04803581 0.023601888 0.12796373 0.0044871449 0.37369735 -0.045674807 	0.10810321	0.017835168
600	-0.013994828 -0.026366646 -0.027591188 0.021002013 0.061321522 -0.027756017 0.040416738 0.0010612994 0.057735936 -0.052136657 0.040430854 0.10775902 -0.0090909126 0.44491277 -0.050822647 	0.076552947	0.026664012
700	-0.019652318 -0.035181624 -0.035986002 0.020774589 0.058981019 -0.030175213 0.055859962 0.0043028904 0.027668262 -0.051653482 0.054192216 0.077213682 -0.022067234 0.50049823 -0.045387491 	0.056041814	0.011651573
800	-0.025028024 -0.043349196 -0.044312036 0.019458629 0.05587611 -0.02960473 0.072808034 0.0035409377 -0.0011676875 -0.049227178 0.05807769 0.04866633 -0.029831766 0.54256571 -0.034539125 	0.048898529	0.26373523
900	-0.029747523 -0.050798375 -0.051811058 0.017252946 0.053508933 -0.029033622 0.088953081 -0.0032942406 -0.020491286 -0.044315211 0.050806633 0.030102736 -0.031573522 0.57375982 -0.023872603 	0.047794439	0.02308117
1000	-0.033739472 -0.057623269 -0.058717053 0.016052346 0.050518719 -0.030371528 0.10155631 -0.011056424 -0.030895313 -0.040693901 0.038051455 0.017861696 -0.021104515 0.59567579 -0.02424109 	0.046209816	0.007616675
1100	-0.036997058 -0.063464175 -0.064236892 0.014305783 0.04843017 -0.031519213 0.11229988 -0.020414777 -0.031621272 -0.035056712 0.020288682 0.014811408 -0.010468456 0.61068163 -0.027642417 	0.044491889	0.0094147066
1200	-0.039612354 -0.068289858 -0.068713549 0.01251897 0.046886297 -0.031423786 0.12077672 -0.028373344 -0.026118289 -0.030647825 0.0018593387 0.017062741 -0.00069053511 0.61946261 -0.030853766 	0.043914374	0.15447008
1300	-0.041813279 -0.072785807 -0.072275381 0.011463339 0.04462061 -0.031865161 0.12575633 -0.032436099 -0.019795699 -0.02815575 -0.01040373 0.019155672 0.0081428275 0.62206424 -0.034889735 	0.044973012	0.0078522409
1400	-0.04375108 -0.077292434 -0.074678896 0.010520086 0.041876545 -0.0332318 0.12752924 -0.032950882 -0.014687092 -0.025725608 -0.014079144 0.020416128 0.0099039079 0.61985972 -0.035969341 	0.045345888	0.0029788636
1500	-0.045316058 -0.08148851 -0.076328854 0.010346363 0.038810699 -0.033889121 0.1264393 -0.02892558 -0.011178807 -0.026221532 -0.0096498493 0.019911103 0.0075941236 0.61440413 -0.033306176 	0.044366323	0.0083235026
1600	-0.04640664 -0.085370526 -0.077139153 0.011048524 0.035375103 -0.034031987 0.12294795 -0.02194624 -0.0090093691 -0.028618496 0.00053796857 0.018076203 0.0030472478 0.60646098 -0.029731824 	0.042998631	0.27270117
1700	-0.046874586 -0.08894378 -0.076702562 0.012180117 0.032112949 -0.034183309 0.11796731 -0.015286225 -0.0065851157 -0.029767638 0.011348971 0.017562802 -0.0037702421 0.5970952 -0.026372757 	0.042547031	0.015784859
1800	-0.046573376 -0.091939153 -0.07539819 0.014133937 0.029326798 -0.033486999 0.11209004 -0.009993607 -0.0026119817 -0.031347167 0.018789445 0.019244309 -0.0076344992 0.5875176 -0.024373848 	0.042545184	0.018866282
1900	-0.045552299 -0.094310913 -0.073265276 0.016632125 0.027034098 -0.031543494 0.10661153 -0.0071153958 0.0027539784 -0.032300345 0.021282494 0.023321932 -0.0089969928 0.57837018 -0.024474064 	0.042430664	0.018822589
2000	-0.043985415 -0.096408316 -0.070384172 0.019539197 0.024988072 -0.029386288 0.10199655 -0.0068967598 0.0068398215 -0.031523592 0.019541358 0.02872104 -0.0083563694 0.57002222 -0.026454991 	0.042221942	0.0043195259
2100	-0.0420568 -0.098355651 -0.067214202 0.022957764 0.023096188 -0.027085084 0.098436256 -0.0079990231 0.008483303 -0.030593941 0.015033197 0.033763159 -0.0054467578 0.56308283 -0.028214226 	0.042104624	0.0056909386
2200	-0.040005592 -0.10018966 -0.063971443 0.026448455 0.021326933 -0.024294738 0.096636153 -0.0094161426 0.007280779 -0.029577648 0.0091633557 0.037381766 -0.0030373921 0.55802935 -0.0280976 	0.042107116	0.0062846742
2300	-0.038049363 -0.10221384 -0.060799598 0.029968207 0.019340814 -0.022100878 0.096165784 -0.010243218 0.0027908643 -0.028344 0.0043624921 0.03830591 -0.0018329652 0.55521674 -0.027396323 	0.042079987	0.02093765
2400	-0.036260824 -0.10452235 -0.057836901 0.0335197 0.017461069 -0.021119911 0.096334422 -0.010157218 -0.0032717712 -0.027543775 0.0016972239 0.03733423 -0.0018579023 0.55543474 -0.025683786 	0.042035618	0.016794749
2500	-0.034675718 -0.10693592 -0.055226947 0.036927393 0.015968704 -0.020778834 0.097113007 -0.0092244631 -0.0074705567 -0.027898165 0.00075405593 0.035749507 -0.0032536984 0.5588141 -0.023424325 	0.041982445	0.0048976291
2600	-0.033361655 -0.10952102 -0.052987966 0.040115675 0.014545019 -0.021307795 0.098387983 -0.0079688096 -0.0090775378 -0.028929401 0.0012367681 0.033834503 -0.0050216247 0.56436574 -0.023270208 	0.041856832	0.0071414956
2700	-0.032336862 -0.11235817 -0.051034671 0.042827996 0.013255159 -0.022882458 0.10016308 -0.0073402984 -0.0077450775 -0.029761163 0.0021243727 0.032597166 -0.0070631309 0.57105205 -0.024655096 	0.041692363	0.0035878026
2800	-0.031585111 -0.11533631 -0.049507515 0.045109168 0.012006756 -0.024703366 0.10253998 -0.0071433754 -0.0039754711 -0.031210084 0.0026423294 0.031829471 -0.0081891692 0.57768068 -0.026364868 	0.041577095	0.011419388
2900	-0.031137117 -0.11852056 -0.048332562 0.04683152 0.01045854 -0.026543955 0.10565833 -0.0074201718 0.00078788345 -0.03262297 0.0026303097 0.030761277 -0.0086070278 0.58290304 -0.027955746 	0.041571458	0.059816495
3000	-0.03099196 -0.12205887 -0.047335932 0.047927972 0.0084314667 -0.028638515 0.10926859 -0.0082896457 0.0039749364 -0.033005319 0.0023195251 0.028999506 -0.0087921972 0.5859446 -0.028666734 	0.041629777	0.0049386511
3100	-0.031059102 -0.12579066 -0.046555372 0.048604823 0.0060562766 -0.030220495 0.11296861 -0.0091166938 0.0048443207 -0.033265026 0.0017228152 0.026615566 -0.0083142692 0.58690105 -0.027542406 	0.041601448	0.0045903962
3200	-0.031243686 -0.12954126 -0.045903567 0.048925427 0.0035261246 -0.030676714 0.11634945 -0.0096668127 0.004055275 -0.033548953 0.00073994695 0.024302445 -0.0076474385 0.58624734 -0.025064365 	0.041562253	0.014699985
3300	-0.031463934 -0.13335196 -0.045192011 0.048998816 0.00094778332 -0.030491624 0.11855762 -0.010163934 0.0022976243 -0.0332069 -0.00022490044 0.022864578 -0.0070667973 0.58462104 -0.023011659 	0.041580919	0.026714602
3400	-0.031633564 -0.13712495 -0.044482734 0.048954109 -0.0010231129 -0.02967548 0.1188777 -0.01055249 0.00060496043 -0.033115276 -1.2997368e-06 0.023020539 -0.0066282961 0.5828686 -0.022038467 	0.041609991	6.0215394
3500	-0.031652833 -0.14053719 -0.043741429 0.048833542 -0.00074950539 -0.027479813 0.11772414 -0.010514226 -1.587772e-05 -0.033632141 0.00036895635 0.025202314 -0.0067481022 0.58156966 -0.021958544 	0.041531846	0.12444007
3600	-0.031521069 -0.14372476 -0.042879513 0.048815225 0.0011361045 -0.02501298 0.11520048 -0.010075965 0.00024801788 -0.034034283 0.00050967896 0.028440529 -0.0066746359 0.58049873 -0.023712567 	0.041420512	0.017151443
3700	-0.031269236 -0.14678764 -0.041845934 0.048860641 0.0029775222 -0.023100585 0.11184465 -0.0093803653 0.00024218579 -0.033736423 0.00074588479 0.031879548 -0.0065908468 0.57937986 -0.026280555 	0.041394376	0.0061491758
3800	-0.030900284 -0.14946698 -0.040787071 0.048861078 0.0047596808 -0.020970315 0.10879365 -0.0080594845 -3.9834609e-06 -0.033653536 0.00066867247 0.034911995 -0.0070137245 0.5781443 -0.027253014 	0.041422639	3.9270631
3900	-0.030467158 -0.15185976 -0.039800406 0.048909861 0.0061773043 -0.019180099 0.10639152 -0.0061319175 -0.00013847735 -0.033985385 0.00063603119 0.036323526 -0.0071984656 0.57640505 -0.027161382 	0.041459733	0.010275365
4000	-0.030029888 -0.15423212 -0.038730831 0.048864417 0.0070419747 -0.018878709 0.10475554 -0.0044926817 5.9219599e-05 -0.033340384 0.00087657274 0.035890462 -0.0076092174 0.57399372 -0.027025888 	0.041449913	0.019923002
4100	-0.029537084 -0.15638358 -0.037638693 0.048766527 0.0076453089 -0.019264508 0.10423382 -0.003120936 0.00010184682 -0.032460343 0.00089834748 0.034231606 -0.0080787716 0.57146173 -0.026154419 	0.041439978	0.025395274
4200	-0.028927398 -0.15812007 -0.036646824 0.048770333 0.0082649427 -0.019473956 0.10479283 -0.0018203886 0.00043967357 -0.03253958 0.0002839179 0.032064998 -0.0079389725 0.56949994 -0.024418237 	0.041435552	0.031010237
4300	-0.028230563 -0.15968235 -0.035581016 0.048766945 0.0088755582 -0.020275185 0.10594713 -0.0013717175 0.00092722775 -0.032359492 -0.00029574957 0.030075825 -0.0077741967 0.56840491 -0.023341518 	0.041453884	0.0060571605
4400	-0.027478505 -0.16111533 -0.034539155 0.04868091 0.0095004767 -0.02149858 0.10728096 -0.001879442 0.0017739167 -0.032331464 0.00016228524 0.028615649 -0.0079340933 0.56839195 -0.023586515 	0.041449812	0.025008774
4500	-0.02661086 -0.16213619 -0.033597319 0.048658162 0.010375998 -0.02181582 0.10900214 -0.0025378131 0.0034091515 -0.033305679 5.7231415e-05 0.028121639 -0.0078750103 0.56972869 -0.024085883 	0.041413366	0.081603595
4600	-0.025697242 -0.16308331 -0.032700253 0.048670907 0.011298017 -0.022325054 0.11047072 -0.0035735037 0.0049761522 -0.03436113 0.00010362617 0.028280066 -0.007558992 0.57199612 -0.025012999 	0.041395696	0.03797571
