15
100	0.0079285426 0.01149874 0.01347534 0.011306442 0.025674435 0.025917216 0.015767057 0.025234136 0.02823301 0.025966272 0.01351196 0.051177825 0.020071253 0.037537095 0.092616863 	0.29192779	0.018413542
200	0.012179529 0.017046593 0.014812649 0.013568874 0.043576442 0.030698179 0.0083530355 0.042583394 0.042616063 0.00057345953 -0.0044927419 0.08227989 0.0018924404 0.065400873 0.13212329 	0.18024019	0.11501328
300	0.01738231 0.022667321 0.021513289 0.019852002 0.055440357 0.024345836 0.00412529 0.068711712 0.044410349 -0.0042683713 -0.0053867783 0.10030556 -0.01185768 0.086888498 0.12581439 	0.15643245	0.014702566
400	0.022754164 0.025880514 0.029900446 0.027283665 0.064360748 0.0026931448 -0.0054718992 0.094905985 0.036136955 -0.002847152 0.00060437434 0.10789457 -0.02535137 0.10241215 0.095848907 	0.12738462	0.12751833
500	0.029918173 0.031477309 0.039861706 0.036219951 0.078785396 -0.014974341 -0.014732603 0.1287645 0.029402474 -0.0058445968 0.0030924055 0.12075788 -0.03955392 0.12135063 0.079703102 	0.10618186	0.0095783574
600	0.038140365 0.038371991 0.051458186 0.044663923 0.09703268 -0.029551395 -0.022587429 0.16543732 0.022324165 -0.0070779762 0.0022182221 0.13439583 -0.058520528 0.13886117 0.075387656 	0.089559859	0.0053785471
700	0.046425405 0.044574675 0.063427048 0.053006156 0.11469178 -0.046273643 -0.031263317 0.20110974 0.0099001489 -0.0075487232 0.0024948199 0.13867178 -0.073581765 0.14963252 0.0664443 	0.078169767	0.014249218
800	0.054948183 0.051097294 0.075885022 0.060261497 0.13388069 -0.059543871 -0.038044759 0.23335733 -0.0034372235 -0.0082778645 0.00077516575 0.13851211 -0.085975144 0.15622879 0.060530599 	0.071501599	0.052886492
900	0.063711846 0.058038362 0.089118271 0.06548192 0.15605332 -0.068327206 -0.041642913 0.25868884 -0.012969701 -0.0087630018 -0.0037605758 0.13828338 -0.097546491 0.16087738 0.061494998 	0.067734145	0.011194972
1000	0.072141518 0.063970443 0.10245081 0.069262674 0.17918348 -0.077464696 -0.044438631 0.27548666 -0.020517023 -0.010283021 -0.0066853172 0.13497108 -0.10292934 0.16309588 0.058937667 	0.065381394	0.0038759523
1100	0.08000705 0.06947213 0.11578604 0.070618795 0.20351234 -0.083043514 -0.044201095 0.28390909 -0.024931318 -0.011821513 -0.0097975145 0.13035885 -0.10613285 0.16327301 0.053453252 	0.063153011	0.0039346787
1200	0.087117666 0.074224685 0.12861982 0.069655668 0.22977325 -0.085337041 -0.04212872 0.28508152 -0.02594971 -0.014423863 -0.012939867 0.12648235 -0.10681749 0.16308648 0.050039758 	0.060640794	0.002226642
1300	0.092983746 0.077126923 0.14032657 0.066706154 0.25680717 -0.087798748 -0.040573526 0.28068943 -0.026520455 -0.017098399 -0.01384658 0.12118965 -0.10428081 0.16192945 0.04660375 	0.058082977	0.001141506
1400	0.097336885 0.07875966 0.15046935 0.061276495 0.28410024 -0.086584633 -0.038181789 0.27406091 -0.027519905 -0.018994266 -0.013747876 0.11386543 -0.10273441 0.15895996 0.042877194 	0.055627501	0.0011869868
1500	0.10012347 0.078802415 0.15857793 0.054069493 0.31196607 -0.083501095 -0.036930636 0.26747426 -0.029359471 -0.021620757 -0.012032739 0.10566677 -0.10007948 0.15564684 0.041230285 	0.053340243	0.0023233178
1600	0.10127083 0.07690428 0.16477355 0.045040323 0.34032913 -0.081175772 -0.037358948 0.26131873 -0.032351945 -0.022992555 -0.0087466013 0.097568162 -0.097720508 0.15242069 0.041009334 	0.051187979	0.0040258647
1700	0.10085976 0.073798622 0.16901335 0.034255555 0.36901581 -0.077388681 -0.038152202 0.25745875 -0.035877103 -0.023697115 -0.0052656616 0.090188424 -0.096609526 0.14950152 0.039828231 	0.049135967	0.0067290199
1800	0.099082353 0.069547177 0.17140464 0.022297598 0.39821174 -0.073695719 -0.039714979 0.25629294 -0.039393366 -0.024687343 -0.0016765535 0.084526593 -0.09491091 0.1477795 0.037308319 	0.04707761	0.021206026
1900	0.09613429 0.064137149 0.17249631 0.009137034 0.42812818 -0.071923462 -0.041585986 0.25676767 -0.042448708 -0.024243683 0.0013073339 0.081389434 -0.09397985 0.14718884 0.034243456 	0.044950122	0.015656911
2000	0.092307806 0.058191774 0.17252838 -0.0044957972 0.45855294 -0.070586433 -0.04292215 0.2598873 -0.045001205 -0.023486989 0.0023687504 0.079811916 -0.09254502 0.14712274 0.030107601 	0.042891654	0.030223984
2100	0.087807462 0.051778474 0.1718149 -0.016910532 0.4891823 -0.070265169 -0.043740123 0.26518682 -0.047583182 -0.022617916 0.0019860243 0.078401217 -0.090528843 0.14653711 0.024960316 	0.041075798	0.0069916009
2200	0.082843494 0.044906278 0.17086938 -0.027892108 0.52013299 -0.071473577 -0.043840304 0.27136552 -0.05016255 -0.020764442 0.00062630001 0.076849667 -0.089335704 0.14476872 0.020861286 	0.039360799	0.026488585
2300	0.0776371 0.037883572 0.16980651 -0.037129933 0.55134037 -0.07295509 -0.043297919 0.27843941 -0.052612772 -0.019805205 -0.00070325198 0.074480781 -0.087757909 0.14167297 0.018071994 	0.037764309	0.010065065
2400	0.072256989 0.030733901 0.16886041 -0.044902579 0.5825722 -0.074319269 -0.041961268 0.28517983 -0.054893779 -0.019589128 -0.00066771827 0.070897944 -0.08698019 0.13691613 0.015353566 	0.036258122	0.0099064155
2500	0.066816763 0.023444304 0.16831642 -0.051318426 0.61405534 -0.075527097 -0.03992957 0.29041736 -0.056431434 -0.019719451 0.00049149316 0.067027859 -0.087179395 0.13120002 0.012945715 	0.034840001	0.02710484
2600	0.061438332 0.016053488 0.16827657 -0.056039251 0.64593764 -0.076388557 -0.037728628 0.29404907 -0.056938452 -0.020691927 0.0016474006 0.063552824 -0.086411574 0.12557221 0.010657143 	0.033491071	0.0058655708
2700	0.05607014 0.0084794484 0.16882898 -0.059308136 0.67795636 -0.076865866 -0.035429827 0.2957067 -0.056823345 -0.021355167 0.0023698403 0.060305495 -0.085513818 0.12002523 0.0072555073 	0.03217198	0.0090438953
2800	0.05066462 0.00072298769 0.16984107 -0.061179359 0.71002764 -0.076568125 -0.033380898 0.29586583 -0.056472015 -0.02173749 0.0026676458 0.057191681 -0.084616882 0.11475207 0.0031785562 	0.030905984	0.1085336
2900	0.045159922 -0.0064652979 0.17107026 -0.061586625 0.74212282 -0.075527183 -0.032189682 0.29531738 -0.056349199 -0.022377455 0.0027638731 0.054076294 -0.08331064 0.10999744 -0.00032900086 	0.02985732	0.10005755
3000	0.03938684 -0.012270923 0.17238785 -0.060831016 0.77385768 -0.074354434 -0.031906072 0.2943001 -0.057234112 -0.022342408 0.0028398257 0.050288511 -0.0827319 0.10527947 -0.0025683615 	0.028928601	0.00763478
3100	0.033194176 -0.016853224 0.1735158 -0.058961967 0.80476719 -0.072915063 -0.032351023 0.29361667 -0.059570042 -0.022026275 0.0031576587 0.045166281 -0.082547682 0.10039317 -0.0047423308 	0.0280453	0.0049688548
3200	0.026477528 -0.020312675 0.17425657 -0.05615674 0.83498551 -0.071037594 -0.033060289 0.29351978 -0.062657075 -0.021879783 0.0034635323 0.039761398 -0.082654865 0.096030239 -0.0068365767 	0.027258284	0.0026503888
3300	0.019109791 -0.022999752 0.17456303 -0.052735334 0.86472854 -0.069810882 -0.033745176 0.2933661 -0.065726584 -0.021392615 0.0036587407 0.03546737 -0.083383526 0.09287836 -0.0084767291 	0.026553021	0.0040455262
3400	0.010981021 -0.025054064 0.17425437 -0.048748699 0.89373746 -0.069363007 -0.034120265 0.29333641 -0.06862784 -0.021063879 0.0039362667 0.03223537 -0.084022718 0.090884782 -0.011190488 	0.025890201	0.0077683805
3500	0.0020235365 -0.026425971 0.17323759 -0.04439933 0.92186891 -0.068920854 -0.033576246 0.29368573 -0.071161626 -0.021033544 0.004077156 0.029969936 -0.084943874 0.08962015 -0.015128036 	0.025252686	0.046366607
3600	-0.0071825341 -0.027379963 0.17151412 -0.039778976 0.94914196 -0.069202189 -0.032416898 0.29412978 -0.073441829 -0.021035371 0.0043218784 0.028619745 -0.086153705 0.088696891 -0.018802687 	0.024825404	0.012306966
3700	-0.015444231 -0.028060219 0.16902849 -0.034846725 0.97533639 -0.070322559 -0.031023276 0.2947886 -0.075927162 -0.021252403 0.0049802424 0.027380764 -0.087227766 0.087410895 -0.021832925 	0.02450319	0.0050945476
3800	-0.022881655 -0.028351809 0.16576576 -0.029758946 1.0002246 -0.071088689 -0.029091541 0.29589497 -0.078755888 -0.021555518 0.0057962349 0.025600857 -0.088706617 0.085044458 -0.024468524 	0.024215392	0.0031027117
3900	-0.029638632 -0.028455097 0.16171899 -0.024540552 1.0238505 -0.071805142 -0.027085066 0.2970571 -0.081798681 -0.021863983 0.0068501238 0.02345208 -0.090146615 0.081733518 -0.026338091 	0.023964839	0.0021858404
4000	-0.035848251 -0.028570588 0.15689516 -0.01925765 1.0463278 -0.072812959 -0.025386743 0.29771997 -0.084679938 -0.022013709 0.0081003504 0.021474726 -0.0911802 0.077961323 -0.027437414 	0.023760414	0.0027239178
4100	-0.041624733 -0.028612404 0.1512941 -0.014071611 1.067625 -0.073201227 -0.023700753 0.29778064 -0.086975154 -0.021895199 0.0091194856 0.019916075 -0.092122447 0.073990987 -0.028817285 	0.023593546	0.0036554329
4200	-0.047055059 -0.028669847 0.14490453 -0.0089521059 1.0877411 -0.073086855 -0.02229252 0.29714178 -0.088566142 -0.021624595 0.0099506948 0.018884635 -0.092541232 0.070208538 -0.030982203 	0.023435662	0.0056825441
4300	-0.052196947 -0.028864676 0.13779901 -0.0039251493 1.1067924 -0.072948194 -0.021413975 0.295641 -0.089440511 -0.020917791 0.010643947 0.018569574 -0.09259882 0.066901116 -0.03320058 	0.023283937	0.012664295
4400	-0.057067947 -0.029075756 0.13003115 0.00099668994 1.124702 -0.072360234 -0.020922403 0.29376634 -0.089873391 -0.019860451 0.011169642 0.018478757 -0.092616996 0.063877434 -0.035303602 	0.023178147	0.048172041
4500	-0.061650777 -0.029211286 0.12169327 0.0047010888 1.1413126 -0.071293185 -0.020791071 0.29211727 -0.090380738 -0.018635307 0.011854215 0.017856545 -0.092361696 0.060847933 -0.037432173 	0.023157017	0.0061458189
4600	-0.065894856 -0.029258468 0.11297248 0.0067966902 1.1567173 -0.07026251 -0.021013942 0.29079754 -0.09112786 -0.017174502 0.012847459 0.016695912 -0.091974479 0.05784357 -0.038785623 	0.023132266	0.0020229827
4700	-0.069708667 -0.029079062 0.10407868 0.00752547 1.1710082 -0.069340757 -0.021333868 0.28993571 -0.092052033 -0.01567199 0.014073124 0.015170543 -0.091592478 0.05496815 -0.039231888 	0.023114531	0.001132439
4800	-0.072984459 -0.028510539 0.095249549 0.0071561418 1.1841601 -0.068533702 -0.021427029 0.28959767 -0.093115542 -0.014339311 0.015470957 0.013336758 -0.091180348 0.052253503 -0.039746129 	0.023120495	0.0013749351
4900	-0.075602186 -0.027472907 0.086768096 0.005902884 1.1963349 -0.068157737 -0.02111973 0.28950487 -0.094058701 -0.013157011 0.016901486 0.011766248 -0.090832247 0.049971123 -0.040469453 	0.023148744	0.0027261427
5000	-0.077435809 -0.025890726 0.078876757 0.0040200102 1.2077097 -0.068410743 -0.02042494 0.28947194 -0.094688855 -0.012276615 0.018256356 0.010950458 -0.090433306 0.048359126 -0.041204457 	0.023180609	0.0052436892
5100	-0.078382837 -0.023651451 0.071779385 0.0017442798 1.2182314 -0.069116808 -0.019348305 0.28955041 -0.095204825 -0.01172693 0.01950778 0.010665938 -0.090020174 0.047174985 -0.042421746 	0.023210137	0.013833337
5200	-0.078369673 -0.020692677 0.065632638 -0.00065231327 1.2278831 -0.070080531 -0.018031299 0.28977963 -0.095850767 -0.011407904 0.020633564 0.010648535 -0.089779557 0.046130485 -0.043952382 	0.02325052	0.030699912
5300	-0.077376615 -0.017074054 0.060472875 -0.0016642155 1.2367318 -0.071354809 -0.016894383 0.29006475 -0.096788333 -0.011396004 0.021588325 0.010789544 -0.089791679 0.045117586 -0.045007115 	0.023291342	0.0022980352
5400	-0.075462648 -0.012864407 0.056283867 -0.00093547127 1.2447132 -0.072726523 -0.016070345 0.29029454 -0.09815451 -0.011388722 0.02234487 0.010812591 -0.090356541 0.043934787 -0.045623265 	0.023284587	0.01648171
5500	-0.072754096 -0.0081631081 0.052903434 0.0011136439 1.2517569 -0.073850529 -0.015648036 0.29044418 -0.099886869 -0.011427884 0.022928928 0.010561049 -0.091259886 0.042634707 -0.046202765 	0.023271641	0.018609364
5600	-0.069417121 -0.0031625218 0.050130588 0.002857608 1.25794 -0.074697693 -0.015713383 0.29033189 -0.10162752 -0.01147282 0.023461697 0.010365103 -0.092030719 0.041638888 -0.04659717 	0.023283073	0.016009578
5700	-0.065646135 0.0017730717 0.047743828 0.0039047089 1.2632589 -0.075366638 -0.016248779 0.28971316 -0.10309888 -0.011384489 0.023977968 0.01039646 -0.092583392 0.041184225 -0.046982115 	0.023330158	0.025037124
