15
100	0.01126312 0.019965734 0.056267159 0.022481059 0.010040479 0.051416623 0.099435526 0.036802698 0.020410519 0.25457508 0.11891135 0.062129347 0.059935678 0.016645127 0.014492036 	-7.6868519	0.026422275
200	0.0061730776 0.011742865 0.077663725 0.0061487242 -0.0037201638 0.029886646 0.13918816 0.0050099992 0.0055258421 0.40825064 0.15524755 0.074824624 -0.001827455 -0.011367341 -0.049963452 	-8.4833768	1.2930593
300	-0.0054344401 -0.0084648008 0.086574691 -0.024029428 -0.016983649 -0.02132113 0.15790588 -0.052564653 -0.017673559 0.53427424 0.16543447 0.089988474 -0.094089854 -0.05243609 -0.053923272 	-8.8464271	0.022297243
400	-0.01644898 -0.023500142 0.090318325 -0.038073031 -0.032285169 -0.050589978 0.17999536 -0.073805846 -0.034635686 0.63868975 0.19708929 0.090629302 -0.081620334 -0.08330238 -0.067943507 	-8.9251578	0.0081534781
500	-0.031833988 -0.040038641 0.077102118 -0.059031169 -0.048275046 -0.071955462 0.18684023 -0.091385384 -0.044943236 0.68312336 0.19699688 0.080501371 -0.076373074 -0.11244146 -0.065694434 	-8.9345528	0.005099826
600	-0.049418123 -0.052030789 0.05389326 -0.080753305 -0.061460763 -0.067508386 0.19545062 -0.08768128 -0.035637698 0.69047669 0.18366009 0.069330781 -0.059507271 -0.1243384 -0.047271973 	-8.9536308	0.0053955083
700	-0.069888379 -0.0633341 0.022588861 -0.10558492 -0.077128772 -0.052300487 0.20373975 -0.076813691 -0.016614401 0.67651571 0.16035894 0.048321066 -0.043463323 -0.12741222 -0.048354357 	-8.981553	0.015150179
800	-0.092096507 -0.076328384 -0.010540393 -0.13313334 -0.090902752 -0.039026791 0.21271446 -0.069553325 0.0082579201 0.66855253 0.13635532 0.033588257 -0.030990013 -0.12271544 -0.036334813 	-8.9987416	0.032638094
900	-0.11577998 -0.092941207 -0.042070877 -0.16232435 -0.10590313 -0.036056539 0.22107246 -0.071382148 0.028202201 0.67819313 0.11798446 0.020461124 -0.018291646 -0.11772086 -0.027001168 	-9.0130731	0.010426044
1000	-0.14035647 -0.11179028 -0.071451988 -0.19145294 -0.12300133 -0.039299325 0.23041434 -0.07803337 0.042192013 0.7050902 0.10740661 0.0062341372 -0.00044431122 -0.11353564 -0.026865989 	-9.0308869	0.31301184
1100	-0.16585427 -0.1318627 -0.10094435 -0.22244649 -0.14052605 -0.04450369 0.23927109 -0.088626854 0.052833489 0.7380567 0.096041557 -0.0066068325 0.010610432 -0.11066395 -0.023003189 	-9.0457433	0.016069113
1200	-0.19164408 -0.15085575 -0.13144216 -0.2532961 -0.15790333 -0.044218574 0.24914602 -0.095906758 0.063257739 0.7686053 0.083657981 -0.017904401 0.021481435 -0.10639834 -0.014848529 	-9.0568685	0.0076444833
1300	-0.21783472 -0.16880316 -0.16453395 -0.28356822 -0.17664409 -0.038536001 0.25798989 -0.098703192 0.072439847 0.78886432 0.068512327 -0.032943347 0.034799956 -0.1014012 -0.012706243 	-9.0674984	0.0046180841
1400	-0.24392256 -0.18575722 -0.19909559 -0.31273689 -0.19482924 -0.029093851 0.26562306 -0.09814411 0.081675003 0.80181953 0.05194279 -0.046757232 0.050760068 -0.093690184 -0.0053926255 	-9.0772623	0.017661087
1500	-0.26984772 -0.20275494 -0.23434574 -0.3415292 -0.21296153 -0.020393594 0.27081115 -0.098502627 0.088594098 0.81156697 0.034243376 -0.059350065 0.06333222 -0.084817778 0.0025995844 	-9.084564	0.023445578
1600	-0.29477947 -0.2190694 -0.26778448 -0.36806969 -0.23072237 -0.011684019 0.27635956 -0.098509762 0.09333073 0.82654141 0.021514545 -0.069067174 0.076749428 -0.073427111 0.0069650413 	-9.0902685	0.0067794033
1700	-0.31882346 -0.23537652 -0.29959662 -0.39346383 -0.24809639 -0.0055454874 0.2807315 -0.10129259 0.095195693 0.8461773 0.011598374 -0.075763288 0.084798089 -0.061395016 0.0090594319 	-9.0953754	0.0084119678
1800	-0.34179128 -0.25135794 -0.3298471 -0.41716932 -0.26462485 -0.0012715536 0.28385105 -0.10597521 0.095102042 0.86836264 0.0044962288 -0.079148573 0.089907452 -0.048693932 0.012280277 	-9.0995497	0.032942185
1900	-0.36365181 -0.26648182 -0.35918805 -0.43850438 -0.28087997 0.0025371589 0.28586304 -0.11035963 0.093536552 0.88869337 -4.1212976e-05 -0.081922046 0.096260159 -0.036011627 0.013251783 	-9.1023344	128.04547
2000	-0.38443977 -0.2802448 -0.38818984 -0.45780803 -0.29661861 0.0065029978 0.28706535 -0.11357834 0.091930575 0.90367079 -0.0029681886 -0.084542732 0.10264625 -0.024317518 0.014833093 	-9.1040442	0.0076982739
2100	-0.40403874 -0.29204521 -0.41669765 -0.4752963 -0.3114985 0.012631065 0.28858849 -0.11502378 0.091680901 0.91298901 -0.0042278255 -0.086627426 0.10717283 -0.014405049 0.019052258 	-9.1054037	0.005934469
2200	-0.42231931 -0.30176666 -0.44426341 -0.49068152 -0.32598333 0.021010461 0.29098071 -0.11472261 0.092421156 0.91812365 -0.0030891176 -0.089178158 0.11029701 -0.0069595939 0.021414565 	-9.1064914	0.009865173
2300	-0.43908097 -0.30976976 -0.47014475 -0.50361935 -0.33960108 0.029649878 0.29383428 -0.11398467 0.093924177 0.92180809 0.0013901518 -0.090605461 0.11276705 -0.0014119108 0.023776945 	-9.1070895	0.038484046
2400	-0.4544129 -0.31696748 -0.4943225 -0.51447813 -0.35229015 0.034983512 0.29543375 -0.11534944 0.09521276 0.92474971 0.0071192823 -0.090387476 0.11308261 0.0016778767 0.026711106 	-9.1073437	0.0098482918
2500	-0.46806213 -0.32313983 -0.51611266 -0.52239589 -0.36392393 0.03716965 0.29656287 -0.11794801 0.096465667 0.92897183 0.015619438 -0.088193196 0.11464776 0.0020363999 0.028958914 	-9.107667	0.0062515045
2600	-0.48014243 -0.32812966 -0.53586004 -0.52781669 -0.37465794 0.037142191 0.29746605 -0.12167932 0.098074473 0.9332551 0.025612116 -0.084687591 0.11575811 -0.00026481437 0.028940389 	-9.1079837	0.13823504
2700	-0.490683 -0.33146006 -0.55381364 -0.53112347 -0.38395258 0.037046964 0.29887755 -0.12579415 0.10140089 0.93633878 0.035751201 -0.079104056 0.11485718 -0.0031839472 0.029545178 	-9.1081891	0.0084547391
2800	-0.49980642 -0.33297579 -0.57041806 -0.5323336 -0.39214706 0.038013375 0.30090812 -0.1293393 0.10631222 0.93656748 0.045483484 -0.072673953 0.11291107 -0.005827592 0.029034153 	-9.1084393	0.0044791064
2900	-0.50760282 -0.33287828 -0.58587941 -0.53128731 -0.39949073 0.039687561 0.30312896 -0.13195158 0.11195308 0.93348757 0.0549525 -0.066059751 0.11179426 -0.0081750547 0.027002684 	-9.1087802	0.0025920568
3000	-0.51417112 -0.33164808 -0.60019962 -0.52826669 -0.40582452 0.040635324 0.3048057 -0.13454422 0.1173946 0.92792489 0.063842742 -0.058519991 0.11087837 -0.010391642 0.026205358 	-9.1091133	0.0023897697
3100	-0.51959257 -0.32955683 -0.61322481 -0.52347512 -0.41150349 0.040172046 0.30592169 -0.13758457 0.12149293 0.9215482 0.072372872 -0.050454466 0.10955734 -0.013207504 0.02578194 	-9.1093819	0.0023973719
3200	-0.52381745 -0.32638934 -0.62452747 -0.51675492 -0.41680563 0.039216953 0.30753163 -0.14039189 0.12384529 0.91667192 0.081575361 -0.042222055 0.10848438 -0.016926615 0.024253812 	-9.1096766	0.0025962762
3300	-0.52702041 -0.32225443 -0.63433877 -0.50871246 -0.42178914 0.037938043 0.30964103 -0.14341854 0.12439524 0.91340751 0.090414641 -0.033814451 0.10559989 -0.021916242 0.022249141 	-9.1100535	0.0025873138
3400	-0.5292986 -0.31714363 -0.64288613 -0.49944946 -0.42625514 0.036761863 0.31223749 -0.14636307 0.12361027 0.91127287 0.098565778 -0.024889044 0.1014706 -0.027580354 0.021299295 	-9.1104497	0.0035429691
3500	-0.53084223 -0.31120167 -0.6507144 -0.4889515 -0.43049658 0.035656643 0.31483384 -0.14885798 0.12160449 0.90863812 0.10577994 -0.016520042 0.097731207 -0.033484295 0.019852598 	-9.11079	0.0048399069
3600	-0.53177139 -0.30451537 -0.65815116 -0.47725701 -0.43435779 0.034608401 0.31713954 -0.15075852 0.11907244 0.9046102 0.11187376 -0.0086726323 0.09528902 -0.038803979 0.018938457 	-9.1111235	0.0088561572
3700	-0.53223849 -0.29722787 -0.66545923 -0.46473721 -0.43778931 0.033412602 0.31896042 -0.15250121 0.11658132 0.89894836 0.11628372 -0.0013683165 0.093178853 -0.043191652 0.018915865 	-9.1114646	0.050507581
3800	-0.53225779 -0.28924492 -0.67244251 -0.4514128 -0.44087576 0.032469785 0.3209098 -0.15394275 0.11454383 0.89307531 0.11959622 0.0046565768 0.091376673 -0.046364243 0.018496273 	-9.1116656	0.010778854
3900	-0.53184656 -0.2806077 -0.6788613 -0.43743097 -0.44353086 0.031684235 0.32334675 -0.15538128 0.11322321 0.88866998 0.12220881 0.0086730472 0.089235119 -0.048186218 0.017969314 	-9.1118526	0.0036349607
4000	-0.53113817 -0.27165161 -0.68480845 -0.42315789 -0.44577294 0.030125657 0.32582846 -0.15764695 0.11239639 0.88629886 0.12381617 0.011047106 0.085714785 -0.048899979 0.017905335 	-9.1121103	0.0014880826
4100	-0.53019188 -0.2624943 -0.69033478 -0.4084354 -0.44773429 0.027619809 0.32821876 -0.16046302 0.11179276 0.88618107 0.1249592 0.011775997 0.08244516 -0.048518898 0.017969329 	-9.1124277	0.001083793
4200	-0.52917084 -0.25326396 -0.69583582 -0.39341675 -0.4496455 0.024251292 0.33015195 -0.16363562 0.11113927 0.88726028 0.12522787 0.010512701 0.080033673 -0.047467089 0.017788925 	-9.1127697	0.0019832479
4300	-0.52818014 -0.24387135 -0.70158147 -0.37835626 -0.45137448 0.02085525 0.3317061 -0.16677457 0.11075231 0.88872045 0.12401086 0.0077754936 0.078174229 -0.045941316 0.018932524 	-9.1131207	0.0044041037
4400	-0.5273105 -0.23419316 -0.70775775 -0.36342835 -0.45306153 0.018330491 0.3331595 -0.16935543 0.11067584 0.89011228 0.12103803 0.0034886116 0.076653441 -0.044319014 0.020796767 	-9.1135022	0.014653072
4500	-0.52658239 -0.22418479 -0.71430951 -0.34860449 -0.4548024 0.017058837 0.33476388 -0.17099835 0.11074986 0.89184166 0.11668913 -0.0020152404 0.075780897 -0.042652386 0.022321634 	-9.1138629	0.026731554
4600	-0.52604478 -0.21411262 -0.72120399 -0.33405572 -0.45647538 0.0162319 0.33610594 -0.17227836 0.11065455 0.89436133 0.11099715 -0.0064895722 0.074824541 -0.040827041 0.023896017 	-9.1141347	0.0057722791
4700	-0.52574967 -0.20427533 -0.72845813 -0.31980635 -0.45813527 0.014880665 0.33665581 -0.17365187 0.10989409 0.8978671 0.10424864 -0.0093972478 0.073860454 -0.038816296 0.025017825 	-9.1144246	0.0022388034
4800	-0.52568082 -0.19468597 -0.73600342 -0.30564395 -0.45982371 0.012979696 0.33643597 -0.17481105 0.10836528 0.90254699 0.097154508 -0.010800841 0.073926224 -0.036513838 0.025274852 	-9.1147561	0.001670006
4900	-0.52591425 -0.1853345 -0.74404006 -0.29181002 -0.46157469 0.010793632 0.33540005 -0.17578621 0.10623243 0.90769473 0.089335205 -0.010903385 0.074038472 -0.03424989 0.024982378 	-9.1150887	0.0018479082
5000	-0.52643573 -0.17597324 -0.75258834 -0.27830586 -0.46329387 0.0092888149 0.33401126 -0.17603514 0.10405096 0.91298199 0.080916999 -0.009723463 0.074074436 -0.032106425 0.024984455 	-9.1154087	0.0015725403
5100	-0.52728546 -0.16653224 -0.76179582 -0.26513624 -0.46520312 0.0088095879 0.33235829 -0.17531812 0.10192097 0.91777662 0.072011938 -0.0080842803 0.074129441 -0.030457448 0.024399073 	-9.1157242	0.0021917769
5200	-0.52844467 -0.15705543 -0.77162723 -0.25221131 -0.4672458 0.0090804675 0.33034362 -0.17377405 0.1000281 0.92208161 0.063040844 -0.0060970808 0.074503195 -0.029313676 0.024004539 	-9.1160171	0.0035254607
5300	-0.52992304 -0.14775274 -0.78205918 -0.23955599 -0.46943655 0.0091999191 0.32759394 -0.17205328 0.098306569 0.92604897 0.054275894 -0.003954389 0.074910686 -0.028755727 0.024024003 	-9.1162704	0.0053332271
5400	-0.53166152 -0.13866055 -0.79288059 -0.22701646 -0.47179858 0.0087837708 0.3242085 -0.17038284 0.096807086 0.9304022 0.046460591 -0.0018277626 0.075578058 -0.028655841 0.023907653 	-9.1164928	0.011753515
5500	-0.53362069 -0.12972473 -0.80395058 -0.21461327 -0.47427054 0.0078779436 0.32043331 -0.16895542 0.095822922 0.93557483 0.039886997 0.00025206735 0.075905353 -0.028902079 0.023616583 	-9.1167	0.074963948
5600	-0.53578779 -0.12084943 -0.81525987 -0.20243122 -0.47675619 0.0068098832 0.3164821 -0.16783418 0.095733974 0.94141047 0.034500865 0.0010698538 0.075204767 -0.029366116 0.023475613 	-9.1169005	0.0013420199
5700	-0.53811293 -0.11190032 -0.82677363 -0.19031763 -0.47910151 0.0060317702 0.31257561 -0.16671137 0.096863245 0.94761465 0.030552159 0.0001452216 0.074043811 -0.029629183 0.023986337 	-9.1171454	0.1306566
5800	-0.54065865 -0.10301649 -0.83872556 -0.17834666 -0.48139198 0.0052083231 0.30830874 -0.16581994 0.098918364 0.95316169 0.027655156 -0.001852906 0.07241082 -0.029638877 0.02461173 	-9.1173766	0.010465458
5900	-0.54340673 -0.094222595 -0.85111867 -0.16639995 -0.48359929 0.0043043512 0.30362198 -0.16507366 0.10161945 0.95777567 0.025906132 -0.0036663692 0.070955285 -0.029184329 0.025230995 	-9.1176123	0.004721847
6000	-0.5463565 -0.085527125 -0.86393321 -0.15452705 -0.48576408 0.0033997731 0.29858681 -0.16451588 0.10455919 0.96145691 0.025158279 -0.0052211987 0.069472733 -0.028420952 0.025527677 	-9.1178446	0.0024947859
6100	-0.54946981 -0.076848917 -0.87701878 -0.14278418 -0.48782396 0.0028347326 0.29354268 -0.16410233 0.10746986 0.96470336 0.02534547 -0.0061432288 0.067547088 -0.027562362 0.025876505 	-9.1180629	0.0011360449
6200	-0.55273275 -0.06816726 -0.8902909 -0.13120898 -0.48985556 0.0027302955 0.28869391 -0.16381762 0.10990766 0.96784301 0.026385943 -0.0064101335 0.065041832 -0.026980461 0.025974388 	-9.1182745	0.0012723612
6300	-0.55613334 -0.059515543 -0.90371275 -0.1197616 -0.49189686 0.0029453462 0.28406401 -0.16365673 0.11149644 0.9709687 0.028237579 -0.0060015126 0.06236339 -0.026914001 0.025861405 	-9.1184854	0.0014473973
6400	-0.55968374 -0.05097021 -0.91734106 -0.10846615 -0.49392794 0.003162247 0.27951323 -0.16375088 0.11204973 0.97382046 0.030621842 -0.0048684568 0.059750352 -0.027496328 0.025959872 	-9.1187018	0.0029800009
6500	-0.56338471 -0.042512501 -0.93121806 -0.097326037 -0.49594411 0.0033581876 0.27510235 -0.16406142 0.11163154 0.97614945 0.033310989 -0.0030860546 0.057438522 -0.028733256 0.026170851 	-9.1189238	0.0068537244
6600	-0.56720898 -0.034017146 -0.94530552 -0.086336263 -0.49788282 0.0038188368 0.27115367 -0.16442255 0.11060317 0.97796842 0.03617724 -0.00063960726 0.055472715 -0.030461481 0.026295711 	-9.1191421	0.043386869
6700	-0.57114662 -0.025419843 -0.95958286 -0.075591317 -0.49964889 0.0045879205 0.26787498 -0.16491265 0.10938785 0.97931202 0.038943604 0.0019415017 0.053379799 -0.032485641 0.02629957 	-9.1193083	0.011221407
6800	-0.57513873 -0.016675055 -0.97389976 -0.065019428 -0.50102709 0.0055201716 0.26546138 -0.16555789 0.10844272 0.98060448 0.041738229 0.0037765335 0.051329174 -0.034330218 0.026680626 	-9.1194524	0.0052662417
6900	-0.57919046 -0.0079158638 -0.98824574 -0.054654694 -0.50197903 0.0059467734 0.26370629 -0.16670945 0.10782465 0.98192655 0.044443807 0.004948655 0.04922076 -0.035746233 0.027054971 	-9.1195912	0.011034216
7000	-0.58327225 0.00080284562 -1.0025377 -0.04442618 -0.5024319 0.0055493484 0.26257234 -0.16842666 0.10759247 0.98352206 0.047160972 0.0056980834 0.047382797 -0.036472961 0.027275711 	-9.119724	0.11881039
