15
100	0.0087273868 0.013978697 0.014050157 0.011805556 0.025960755 0.036012007 0.018973704 0.025598236 0.028568939 0.023839524 0.01379968 0.050278282 0.022688201 0.036154916 0.099150492 	0.089804388	0.018509389
200	0.013301339 0.021217331 0.01562438 0.012579668 0.043980488 0.051420445 0.013441359 0.035867052 0.045233112 -0.0065180894 -0.0071223588 0.083197595 0.0058659179 0.063651777 0.13167658 	-0.024633822	0.0093795976
300	0.018855638 0.027796088 0.023652988 0.01619035 0.057533224 0.056262571 0.0094189298 0.047731253 0.052391925 -0.012341931 -0.0099515347 0.10972336 -0.0026882853 0.089184105 0.11476156 	-0.05155962	0.017290893
400	0.024071469 0.031086617 0.033275698 0.018782872 0.069081224 0.04544519 -0.0014524152 0.053527769 0.050306598 -0.010934089 -0.00682951 0.12878861 -0.0071253405 0.10973581 0.080217846 	-0.071313772	0.073598623
500	0.030278714 0.036476356 0.043841628 0.02029617 0.084848015 0.038712509 -0.0068995912 0.062055154 0.046388286 -0.013017636 -0.0067987579 0.1484693 -0.012204776 0.12913764 0.07020677 	-0.078013123	0.005080481
600	0.036372101 0.043239949 0.054245529 0.019957167 0.10034441 0.035541974 -0.0056436821 0.072864423 0.036423828 -0.01699215 -0.0080373568 0.15854473 -0.017616446 0.14056119 0.069025297 	-0.081148679	0.0043956782
700	0.041490299 0.048920013 0.063955523 0.017611804 0.11328044 0.028201838 -0.0028159374 0.081863979 0.018473205 -0.020226518 -0.0072180468 0.15546339 -0.020014341 0.14241738 0.063398855 	-0.085748197	0.012072716
800	0.046385939 0.054691187 0.073692972 0.01337408 0.12781101 0.02114111 0.0010140597 0.088921835 -0.0012088926 -0.023269466 -0.0069783896 0.14898121 -0.021688873 0.14153935 0.067679322 	-0.089891487	0.17974123
900	0.051267566 0.061544345 0.083771669 0.0076567782 0.14423115 0.01844366 0.00093760454 0.095196896 -0.014622187 -0.025868419 -0.0074595826 0.14202023 -0.02240109 0.14103174 0.072915312 	-0.091296803	0.025826477
1000	0.055724743 0.068693046 0.094075926 8.0677273e-05 0.16153002 0.017673958 -0.0013905923 0.099134014 -0.019868997 -0.026463875 -0.0079191139 0.13459797 -0.023223736 0.14120487 0.069105149 	-0.09326327	1.0667564
1100	0.059551283 0.075081688 0.10386237 -0.0047221159 0.18100529 0.015362027 -0.0016867594 0.099602699 -0.018123408 -0.028472768 -0.0085839824 0.12984624 -0.022796281 0.14367274 0.065892644 	-0.094891508	0.003784654
1200	0.062317864 0.080267099 0.1128524 -0.0042352572 0.20176779 0.011057474 -0.00019519668 0.0969049 -0.012515918 -0.030399467 -0.0090101734 0.12615312 -0.023060482 0.14624632 0.064279836 	-0.096649775	0.13057816
1300	0.063612433 0.084642629 0.12056609 -0.00013518033 0.22202342 0.007985396 -0.00012429 0.093792816 -0.0063857172 -0.031933341 -0.0084486815 0.11989225 -0.023577881 0.14584678 0.059761183 	-0.098108618	0.4106202
1400	0.063318956 0.088530541 0.12679372 0.0017876049 0.24216782 0.0084300727 6.0309223e-05 0.091720003 -0.00053598918 -0.033371275 -0.0075914332 0.11217696 -0.024860272 0.14243171 0.058017443 	-0.099173865	0.29644744
1500	0.061279256 0.091026004 0.13140648 -0.0015488487 0.26227105 0.0088128276 -0.00046174084 0.090139076 0.00015055461 -0.034721552 -0.0053627378 0.1041511 -0.02413998 0.13687568 0.059279083 	-0.10033372	0.29978801
1600	0.057510994 0.092033827 0.13446775 -0.0028619319 0.28236189 0.0083689198 0.00021401672 0.088277065 -0.0039591909 -0.035758759 -0.0031899239 0.097153529 -0.023804971 0.13053832 0.059492177 	-0.10116234	0.0078813336
1700	0.052379562 0.092430768 0.13641717 -0.0010336827 0.30327419 0.0096115702 -0.00016636005 0.087207996 -0.0057292963 -0.036259445 -0.0019667361 0.093667948 -0.024380088 0.12577211 0.058826337 	-0.10211767	0.031636285
1800	0.045844024 0.091919931 0.13710891 0.0010108764 0.32480226 0.010836452 4.5534633e-06 0.086598765 -0.0055953883 -0.036905663 -0.0015018221 0.093236455 -0.024655901 0.12288224 0.056054013 	-0.10313993	0.29500186
1900	0.037893774 0.090237909 0.13671824 -0.0014104676 0.34650178 0.010428857 0 0.086109976 -0.004760126 -0.036525628 -0.00088330823 0.094194412 -0.024029264 0.12090405 0.052073439 	-0.10420086	0.0096261777
2000	0.028692055 0.087957375 0.13522227 -0.0011567089 0.36809273 0.01033511 0 0.086531991 -0.0039935736 -0.036296754 -0.00093668903 0.094724655 -0.023414506 0.11866256 0.049411508 	-0.10511313	0.015651525
2100	0.018362259 0.085402066 0.13296198 0.00065333955 0.38903101 0.011405795 0 0.087891531 -0.004236614 -0.03521534 -0.001624637 0.093034742 -0.023955787 0.11494182 0.047621197 	-0.10604812	0.005890455
2200	0.0070858232 0.082382665 0.13012365 -0.00082595849 0.40932252 0.012141792 0 0.089797289 -0.0057649818 -0.034178349 -0.0018624904 0.089071424 -0.022836364 0.11017373 0.046606591 	-0.10702141	0.01644166
2300	-0.00400876 0.079034394 0.12721217 0.00038010276 0.42949345 0.012332663 0 0.091065834 -0.0078415699 -0.032816438 -0.0024737465 0.084502592 -0.022145132 0.10552488 0.046879504 	-0.10746688	0.020791508
2400	-0.0077386419 0.075863787 0.12466369 -0.00038551251 0.44972047 0.013317331 0 0.091958367 -0.0097666574 -0.031228935 -0.0034272129 0.080384147 -0.021786624 0.10198015 0.046237078 	-0.10768265	0.0087941974
2500	-0.0034659156 0.072686538 0.12228975 -0.00010063429 0.47003055 0.01425369 0 0.092272334 -0.011344584 -0.030977732 -0.0044797585 0.077228196 -0.02088027 0.10005634 0.043951527 	-0.10853774	0.14323003
2600	0.0057463633 0.069221837 0.12021333 0.0001879559 0.49037765 0.014255765 0 0.091445837 -0.012682196 -0.030007462 -0.0051389632 0.075274255 -0.021365787 0.099355893 0.041765335 	-0.10912938	0.014465437
2700	0.012272373 0.065638139 0.11788845 7.8011849e-05 0.51024679 0.014552703 0 0.091065423 -0.014213178 -0.030061433 -0.00467911 0.073236572 -0.020998416 0.099001216 0.039607336 	-0.10933936	0.058828369
2800	0.015610388 0.062057692 0.11531063 -2.9471645e-05 0.52924778 0.015930608 0 0.091260377 -0.016283065 -0.029734166 -0.0035504424 0.070327291 -0.021879971 0.097890436 0.037766404 	-0.10959034	0.15581892
2900	0.015996903 0.058243653 0.11233236 0 0.54738932 0.017272728 0 0.091825133 -0.01891307 -0.02962333 -0.0017602606 0.066708595 -0.022665191 0.096039364 0.037115035 	-0.10988612	0.010779457
3000	0.013746517 0.054189362 0.10909531 0 0.56471967 0.01809106 0 0.092383157 -0.021841922 -0.029517364 0.00013289122 0.062910185 -0.022969826 0.093783479 0.036809278 	-0.11016684	0.024546813
3100	0.009326035 0.0503721 0.10619296 0 0.5814398 0.019457133 0 0.093192785 -0.024441459 -0.027859199 -0.00070821458 0.059839622 -0.022767335 0.091711859 0.036015106 	-0.11046706	0.019491169
3200	0.0029760799 0.046678337 0.10339122 0 0.5976943 0.020583692 0 0.093942926 -0.026413646 -0.027004732 -0.0016842364 0.057898799 -0.021586697 0.090264342 0.034760552 	-0.1107697	0.024226447
3300	-0.0031630453 0.043218566 0.10111685 0 0.6134731 0.021302045 0 0.094188886 -0.027750854 -0.025607458 -0.0025799263 0.057045623 -0.021350987 0.089152912 0.033371871 	-0.11071443	0.0088209499
3400	-0.0020136572 0.040168286 0.09923493 0 0.62852118 0.02197924 0 0.094545437 -0.028764521 -0.02530403 -0.003169786 0.056295557 -0.020928423 0.087902517 0.031586244 	-0.11088247	0.024419359
3500	0.004104115 0.037420983 0.097777902 0 0.64262811 0.022298237 0 0.094800001 -0.029808588 -0.025193057 -0.0032118338 0.055007354 -0.021138197 0.085973481 0.030065405 	-0.11098938	0.01281143
3600	0.0078252282 0.034885019 0.096592324 0 0.6557206 0.022291134 0 0.095066621 -0.030957147 -0.025093802 -0.0024553799 0.053015706 -0.021600042 0.083372337 0.029458991 	-0.11094248	0.0051699229
3700	0.0088277782 0.032679852 0.095516969 0 0.66778898 0.022737836 0 0.095652267 -0.032024408 -0.025488699 -0.0012219074 0.050483261 -0.021772598 0.080488794 0.029163524 	-0.11093949	0.01021317
3800	0.0073127973 0.030784093 0.09470141 0 0.67897321 0.023580067 0 0.096030492 -0.032745942 -0.025359303 -6.8276035e-05 0.048116043 -0.022513036 0.077876282 0.028735733 	-0.11096589	0.14614177
3900	0.0035379522 0.029112797 0.094193024 0 0.68946663 0.024213577 0 0.0962361 -0.032952618 -0.025009988 -0.00034522457 0.046533468 -0.021866577 0.076264769 0.028185625 	-0.11104589	0.021588876
4000	-0.0016511783 0.027587779 0.093997136 0 0.69919834 0.024290187 0 0.095844048 -0.032824186 -0.024370936 -0.00098836471 0.04562374 -0.021223536 0.075462262 0.027160346 	-0.11099659	0.019748642
4100	-0.0010070396 0.026437948 0.094074038 0 0.70807516 0.024634862 0 0.095404433 -0.032547315 -0.024074727 -0.0017859067 0.044936544 -0.020979659 0.075061695 0.0259993 	-0.11101715	0.043021596
4200	0.0035346343 0.025519742 0.094252582 0 0.71591085 0.024913271 0 0.095174268 -0.032530988 -0.02432489 -0.0022237004 0.043886114 -0.020802456 0.074565164 0.025106162 	-0.11095635	0.0093199686
4300	0.0052976335 0.024598469 0.094457003 0 0.72258117 0.024605882 0 0.09500629 -0.033039719 -0.024232139 -0.0018861905 0.042267718 -0.02112789 0.073642676 0.024744318 	-0.11088001	0.0045743081
4400	0.0042831021 0.023840458 0.094523988 0 0.72818534 0.0246283 0 0.09541916 -0.033828304 -0.024593532 -0.0010004706 0.040389289 -0.021313479 0.072568577 0.024951571 	-0.11088324	0.010295724
4500	0.00070297512 0.023321961 0.094603512 0 0.73285893 0.025250619 0 0.096126784 -0.03462448 -0.024760592 -5.8132698e-05 0.038826803 -0.021946899 0.071678202 0.025101947 	-0.1109462	0.1497977
4600	-0.0015308801 0.022895649 0.094845818 0 0.73677738 0.025575902 0 0.096722206 -0.035286441 -0.024509911 -0.00034505963 0.038112281 -0.021869265 0.071435983 0.024896424 	-0.11082129	0.020790148
4700	0.0020416449 0.022339374 0.095071594 0 0.73995753 0.024891345 0 0.096659076 -0.03585742 -0.024529897 -0.00088981043 0.038216027 -0.021550012 0.071776414 0.024338892 	-0.11086594	0.016268501
4800	0.0038350522 0.021912555 0.095300407 0 0.74231606 0.024518395 0 0.096492263 -0.036315434 -0.024281385 -0.0013200051 0.0387497 -0.02165906 0.072293683 0.023714141 	-0.11079467	0.0017371408
4900	0.0027968274 0.021729316 0.095341977 0 0.7437607 0.025117825 0 0.096805013 -0.036755952 -0.02454885 -0.0014750769 0.039139563 -0.021569713 0.07263763 0.023389079 	-0.11081219	0.0085425446
