15
100	0.011626827 0.017528157 0.057049987 0.022044763 0.011942651 0.043297987 0.089726903 0.032263601 0.017876554 0.25525154 0.11520396 0.065868401 0.056385377 0.021045643 0.01838541 	-7.1355827	0.01587448
200	0.0067041825 0.0072044898 0.079547246 0.0057785838 0.0028951705 0.014669918 0.11977435 -0.00045002212 0.0058783235 0.40933859 0.149392 0.089343253 -0.0040607803 0.00044280839 -0.012298644 	-7.8718694	5.125891
300	-0.0061565985 -0.014510164 0.08664879 -0.023453497 -0.013762272 -0.038905485 0.12807127 -0.048920719 -0.01579873 0.52586812 0.15858585 0.096875298 -0.084707821 -0.037219606 -0.012941734 	-8.180388	0.018810628
400	-0.020494352 -0.031061176 0.085976145 -0.040822857 -0.034856789 -0.060009689 0.13955373 -0.047633296 -0.03583565 0.61564886 0.18152167 0.089682376 -0.064698353 -0.074411793 -0.011447844 	-8.2619441	0.0092949039
500	-0.040265765 -0.049122143 0.068752371 -0.067036163 -0.059711236 -0.065490935 0.1382333 -0.037841779 -0.049800763 0.65194341 0.17363358 0.068180489 -0.06199309 -0.11179536 -0.0024777659 	-8.2945103	0.011421184
600	-0.062684165 -0.066295118 0.043365682 -0.095657939 -0.083654281 -0.056178809 0.13355259 -0.018713928 -0.050469992 0.66320502 0.15400977 0.045850851 -0.058723139 -0.1349822 0.0056659327 	-8.3142512	0.010337191
700	-0.08563625 -0.083611224 0.016923033 -0.12186418 -0.1023708 -0.047398823 0.1284562 0.0009693642 -0.03458582 0.67523259 0.13901999 0.035679072 -0.0432366 -0.127507 0.004944298 	-8.3339628	0.17749955
800	-0.11022336 -0.10466085 -0.011397558 -0.15139982 -0.11833272 -0.049438042 0.11771072 0.0068287501 -0.011296058 0.68991967 0.11986024 0.033607788 -0.041263107 -0.10663821 0.0045468056 	-8.356775	0.024964475
900	-0.13477239 -0.12542845 -0.037314782 -0.17931353 -0.13294954 -0.04780296 0.10915631 0.011672913 0.014777211 0.71471318 0.10620097 0.035902055 -0.032708489 -0.079617243 0.0019788229 	-8.3749092	0.016921533
1000	-0.15996974 -0.14681111 -0.063733944 -0.20779921 -0.14901072 -0.043468156 0.09889078 0.014084978 0.035255302 0.73914058 0.090651613 0.033673196 -0.024982218 -0.057960088 -0.00053918114 	-8.3880359	0.02515137
1100	-0.18532225 -0.16796088 -0.090878797 -0.23583284 -0.16672553 -0.034254028 0.087391323 0.016990204 0.049343831 0.76065782 0.073525408 0.025423805 -0.014798675 -0.043761876 0.0019474834 	-8.3999502	0.010342123
1200	-0.21000047 -0.18805261 -0.11752832 -0.26188307 -0.18552052 -0.019623212 0.076082502 0.022028266 0.058049954 0.78186939 0.057599468 0.012760011 0.0008957905 -0.034660794 0.0034449008 	-8.4107634	0.17982896
1300	-0.23392744 -0.20819074 -0.14373859 -0.28729916 -0.20409761 -0.0055342213 0.062535053 0.023899076 0.062786739 0.80255756 0.039974543 -0.0010737244 0.011892102 -0.028427908 0.0074084616 	-8.4191452	0.1380797
1400	-0.25606 -0.22717657 -0.16735768 -0.30988419 -0.22098337 0.0092324583 0.049509764 0.02532109 0.066026783 0.82801005 0.025670618 -0.010846587 0.02353844 -0.020442939 0.0095061886 	-8.4253184	0.015258271
1500	-0.2765908 -0.24566307 -0.18924194 -0.33042679 -0.23595853 0.020443569 0.035091646 0.024463132 0.068288199 0.85435601 0.01216938 -0.01572499 0.032707416 -0.010128376 0.010239749 	-8.4300986	0.011764279
1600	-0.29561151 -0.2633791 -0.21005555 -0.34908215 -0.24915722 0.029037647 0.01936331 0.02227085 0.070291597 0.87793183 -0.0016701528 -0.016922468 0.039447329 0.002077506 0.011494146 	-8.4334777	0.081386786
1700	-0.31288196 -0.27908649 -0.22946622 -0.36488091 -0.26097979 0.039416462 0.0049668614 0.022496784 0.072799638 0.89837664 -0.012772304 -0.015858669 0.048124154 0.014513077 0.01112089 	-8.4352361	0.028481008
1800	-0.32888005 -0.29348474 -0.24848262 -0.37920804 -0.27217074 0.049190522 -0.0087380865 0.022955032 0.074931725 0.91262222 -0.023385104 -0.014756627 0.053410066 0.024285715 0.011403609 	-8.4359397	0.014291409
1900	-0.34334568 -0.30619238 -0.26610763 -0.39126969 -0.28275121 0.058635681 -0.018568617 0.024795022 0.076749054 0.92383063 -0.030857775 -0.013347699 0.057932682 0.031594177 0.012001493 	-8.4359176	0.0040670606
2000	-0.35628981 -0.31764704 -0.28195221 -0.40106554 -0.29284232 0.065359065 -0.024610197 0.026883853 0.077765322 0.93364977 -0.034335736 -0.011533682 0.061498318 0.036346103 0.01217475 	-8.4356849	0.001965339
2100	-0.36787779 -0.32831686 -0.29622815 -0.40907022 -0.30248785 0.067709667 -0.027778642 0.027810823 0.077843534 0.94163362 -0.034678049 -0.0094607268 0.062443816 0.038439783 0.012776619 	-8.4355871	0.0025351852
2200	-0.37793033 -0.33745204 -0.30863521 -0.41466989 -0.31143316 0.068888765 -0.027100458 0.029584087 0.078049526 0.94819997 -0.031084772 -0.0067847186 0.063633534 0.038971478 0.013203296 	-8.4356092	0.0039339317
2300	-0.38677527 -0.34539122 -0.320099 -0.41876947 -0.3198057 0.068916592 -0.02415744 0.031036274 0.078524262 0.95047094 -0.026333792 -0.004232024 0.062366644 0.037796803 0.013671147 	-8.4357679	0.0061901784
2400	-0.39432954 -0.35189076 -0.33047601 -0.4209857 -0.32732662 0.069184368 -0.018973275 0.03302315 0.079844862 0.94885792 -0.020082857 -0.0012789896 0.060941724 0.036043085 0.014055193 	-8.4360929	0.026283619
2500	-0.40063016 -0.35727209 -0.33971088 -0.42137131 -0.33384146 0.06886501 -0.01237455 0.034805194 0.081890959 0.94413215 -0.012487667 0.0021458758 0.059790088 0.034350407 0.014274254 	-8.4364666	0.014454332
2600	-0.40577543 -0.36199709 -0.34778315 -0.42031054 -0.33929319 0.066714508 -0.0052706806 0.035006841 0.0842493 0.93735315 -0.0041437995 0.0050948259 0.05772699 0.032853955 0.014504653 	-8.4368335	0.022297795
2700	-0.40962625 -0.36578597 -0.35414394 -0.41751574 -0.34350554 0.064176003 0.0028646818 0.034295318 0.087019635 0.93099857 0.0054760915 0.0083698409 0.056055263 0.032047342 0.01434878 	-8.4370202	0.028349205
2800	-0.41237246 -0.36884799 -0.35909916 -0.41355636 -0.34668138 0.061494909 0.010051477 0.032116537 0.08975004 0.92501405 0.01372088 0.011732364 0.053215645 0.03131721 0.014209471 	-8.4369752	0.0066567432
2900	-0.41404584 -0.37098649 -0.36264132 -0.40828817 -0.34901109 0.060149348 0.016328122 0.029583284 0.092205201 0.91997519 0.020786923 0.014929108 0.050860452 0.030454515 0.013789902 	-8.436899	0.0035715811
3000	-0.41483853 -0.37243107 -0.36513064 -0.40197753 -0.35076416 0.059997124 0.021264035 0.026769212 0.093890777 0.91541294 0.026162991 0.017458939 0.049115101 0.028960642 0.013559428 	-8.4368412	0.0018722512
