15
100	0.0052938802 0.034954356 0.0077715432 0.0088937922 0.0019380518 0.13831624 0.072554721 0.070588993 0.033250025 0.014011138 0.010502065 0.00018621302 0.018502884 0.0034572539 -0.0075686495 	-0.96858376	1.341426
200	0.00073103319 0.059241857 -0.0073601886 -0.0043270563 -0.0045144781 0.26034457 0.12068892 0.11793196 0.060638824 -0.043135794 -0.029964545 -0.02084329 -0.028677867 -0.011639244 -0.002855859 	-1.5571566	0.062050774
300	-0.0063616033 0.074599011 -0.018762849 -0.015866901 -0.012705635 0.35937861 0.16339812 0.15721518 0.079735915 -0.060798333 -0.041455568 -0.027220868 -0.053721761 -0.019567158 -0.0056015806 	-1.6859158	0.015964488
400	-0.018255405 0.075741424 -0.035313951 -0.031160349 -0.02536574 0.41664639 0.18419445 0.1781585 0.087262333 -0.071291191 -0.040401956 -0.028858388 -0.069620441 -0.025256771 -0.0048007317 	-1.7053936	0.0076795926
500	-0.034548026 0.065513081 -0.056827393 -0.049421231 -0.041927846 0.44130428 0.18761408 0.18601704 0.086138008 -0.077891812 -0.028794806 -0.02708622 -0.075481438 -0.028179766 -0.0021590733 	-1.7174269	0.0076617737
600	-0.053989418 0.047922717 -0.08124252 -0.069676632 -0.060856144 0.44639332 0.18142234 0.18628212 0.080716177 -0.077792817 -0.0086744538 -0.02041289 -0.07378566 -0.027232456 -0.0013911223 	-1.7353926	0.022530586
700	-0.075221079 0.026802959 -0.10745341 -0.091545388 -0.080402125 0.44455124 0.17086203 0.18258891 0.074867128 -0.075337224 0.012320933 -0.0099637081 -0.070817142 -0.022984135 -0.00074219745 	-1.7512223	0.017124748
800	-0.096782546 0.005692974 -0.13404736 -0.11365336 -0.099248292 0.44658199 0.16079676 0.17943718 0.071128668 -0.07319099 0.029740977 0.0011718065 -0.067259719 -0.01661168 0.00035316273 	-1.7618898	0.098238068
900	-0.11760554 -0.01282264 -0.15970877 -0.13497549 -0.11665626 0.45801589 0.15436118 0.1791303 0.070611856 -0.071145495 0.042967248 0.010346535 -0.063478419 -0.0094087543 0.0010011662 	-1.7696877	0.013159301
1000	-0.13742742 -0.027898562 -0.18436499 -0.15579772 -0.13258488 0.47700785 0.15046946 0.1798179 0.07247381 -0.070422696 0.050754614 0.016160942 -0.062401628 -0.0030998763 0.0018292536 	-1.7763451	0.018985833
1100	-0.15593092 -0.040394549 -0.20724525 -0.17539905 -0.14693743 0.49949379 0.1483343 0.18062796 0.07566541 -0.068170875 0.055969831 0.019534278 -0.06195437 0.0022012549 0.0023055767 	-1.7812197	0.019639861
1200	-0.17314244 -0.051676428 -0.22863027 -0.19359778 -0.15969516 0.52018959 0.14518103 0.1798426 0.078980751 -0.065721561 0.05951412 0.020893171 -0.061052911 0.0055042095 0.00316961 	-1.7841609	0.0049517388
1300	-0.18889967 -0.062218283 -0.24816215 -0.20982648 -0.17059844 0.53662682 0.14048943 0.1774201 0.082259335 -0.061795721 0.063421454 0.021673396 -0.057590613 0.0079753669 0.0037923352 	-1.7860005	0.0028440806
1400	-0.20320256 -0.072274904 -0.26602609 -0.22428135 -0.17949296 0.54792923 0.13368225 0.1727453 0.085645362 -0.057530383 0.067086221 0.022739758 -0.052745385 0.010215851 0.0043295511 	-1.7873548	0.0022905042
1500	-0.215876 -0.081345557 -0.28187525 -0.23683194 -0.18627291 0.55580054 0.12609111 0.16658988 0.089668799 -0.052084116 0.070746873 0.024825013 -0.046977065 0.0126206 0.004398766 	-1.7883254	0.001894461
1600	-0.22688002 -0.089022303 -0.29588658 -0.2476231 -0.19111557 0.56212212 0.11826782 0.15946593 0.094392328 -0.047076267 0.07340192 0.027349625 -0.041533642 0.014861229 0.0043214424 	-1.7888659	0.0013826815
1700	-0.23613524 -0.09478216 -0.3079476 -0.25649133 -0.19432248 0.56901482 0.11136545 0.15254391 0.099655171 -0.04267001 0.075285526 0.029471986 -0.036202129 0.016557791 0.0039500008 	-1.7890913	0.0014131346
1800	-0.24375239 -0.098592215 -0.3182508 -0.26361763 -0.19630857 0.5771255 0.10559111 0.1460271 0.10488621 -0.039574172 0.076154755 0.030143993 -0.031575083 0.017089847 0.0036819705 	-1.7892139	0.0013227776
1900	-0.24987703 -0.10061667 -0.32678823 -0.26914285 -0.19738269 0.58623615 0.1012235 0.13990383 0.10960967 -0.036870125 0.076544248 0.029106285 -0.027829174 0.016255967 0.0035425593 	-1.7893292	0.0011646931
2000	-0.25473472 -0.10129578 -0.33377313 -0.27329358 -0.19771915 0.59518995 0.097776617 0.13373866 0.1135069 -0.034411288 0.076710103 0.026626545 -0.025129837 0.014293597 0.0035622787 	-1.7894063	0.0016134905
2100	-0.25849899 -0.10099034 -0.33936394 -0.27609994 -0.19731264 0.60294843 0.094797555 0.12744964 0.11664136 -0.032075772 0.077201053 0.023535931 -0.022819772 0.011952264 0.003600888 	-1.7894104	0.001876649
2200	-0.26132251 -0.099984989 -0.343768 -0.27760379 -0.19610293 0.6087723 0.091809919 0.12100207 0.11925449 -0.030186469 0.078240975 0.020731774 -0.020378707 0.0099993288 0.0035881983 	-1.7893895	0.0015898805
2300	-0.26332432 -0.098426342 -0.34712365 -0.27790975 -0.19406968 0.61246635 0.088659114 0.11436965 0.12158673 -0.028852658 0.079794397 0.018908772 -0.017796953 0.0089026916 0.0034379169 	-1.7894128	0.0014671824
2400	-0.2645877 -0.096319412 -0.34947844 -0.27715183 -0.19128892 0.61439028 0.085561689 0.10760656 0.12372032 -0.027831891 0.081723783 0.018322527 -0.015415739 0.0087159411 0.0031024868 	-1.7894895	0.0013363003
2500	-0.26519406 -0.093624265 -0.35093702 -0.27548322 -0.18796244 0.61516146 0.082725255 0.1008224 0.12546793 -0.027202262 0.083709986 0.018598243 -0.013674539 0.0090979458 0.0026906641 	-1.7895796	0.0016458629
2600	-0.26519493 -0.090224277 -0.35155085 -0.27293351 -0.18434699 0.61562402 0.080508223 0.094425618 0.12652948 -0.026878944 0.085722676 0.01906557 -0.012486953 0.0096010083 0.0022742901 	-1.789658	0.0016770774
2700	-0.26468128 -0.086110855 -0.35148509 -0.26959454 -0.18070845 0.61629761 0.078960652 0.088639625 0.12656598 -0.027167497 0.087552558 0.01900367 -0.01185375 0.0097581103 0.0019852289 	-1.7897497	0.0011195448
2800	-0.26373931 -0.081309757 -0.35080726 -0.26553557 -0.17720014 0.61747456 0.078223338 0.083631101 0.12547069 -0.027782941 0.08924332 0.018213501 -0.011645934 0.0093890605 0.0018361781 	-1.7898796	0.00067263905
2900	-0.26249985 -0.075998244 -0.34967315 -0.26093171 -0.17386794 0.61892444 0.078099028 0.079208546 0.12332796 -0.028665324 0.090628046 0.016942424 -0.012021117 0.0085743998 0.0018402766 	-1.7900273	0.0010703833
3000	-0.26107724 -0.07035793 -0.348183 -0.2558832 -0.17064754 0.62029164 0.078409155 0.075248079 0.12043825 -0.029527988 0.091781094 0.015838899 -0.012793629 0.0077149714 0.0018899638 	-1.7901584	0.00095069651
3100	-0.25959835 -0.064609978 -0.34651927 -0.25049531 -0.16746893 0.62109842 0.078769801 0.071587854 0.11709356 -0.030504975 0.092680137 0.015462903 -0.013714628 0.0072307351 0.0019229422 	-1.7902692	0.00088872344
3200	-0.25816832 -0.058909064 -0.344812 -0.24483276 -0.16430794 0.62108237 0.078966863 0.068199458 0.11349638 -0.031557566 0.093432412 0.016112923 -0.014431215 0.0073860495 0.0018812725 	-1.7903785	0.00095742762
3300	-0.25689038 -0.053366298 -0.34318201 -0.2390164 -0.16123459 0.62019527 0.078910885 0.06502529 0.10966615 -0.032605759 0.094037333 0.01765374 -0.014907385 0.0080981574 0.0017862155 	-1.7904857	0.001090069
3400	-0.25584845 -0.048010554 -0.34170339 -0.23318236 -0.15838101 0.61869625 0.078723041 0.062072621 0.10552392 -0.033427035 0.094469874 0.01963678 -0.015298115 0.0090196135 0.0016929851 	-1.7905693	0.001099217
3500	-0.25510346 -0.042801086 -0.3404404 -0.22744245 -0.15587867 0.61706899 0.078608228 0.059457294 0.10101921 -0.033922486 0.094672303 0.021500972 -0.015747051 0.0097371484 0.0016686429 	-1.790621	0.001204084
3600	-0.25469806 -0.037673598 -0.33947312 -0.22186929 -0.15378938 0.61582101 0.078712402 0.057353535 0.09624216 -0.034251606 0.094558409 0.022839593 -0.016278131 0.0099971124 0.001764517 	-1.7906538	0.0013566897
3700	-0.25466291 -0.032586962 -0.33885986 -0.2165059 -0.15206849 0.61528357 0.079116039 0.055889984 0.091460596 -0.034558984 0.094111134 0.023632933 -0.016820784 0.0098436114 0.0019486162 	-1.7906789	0.0015500594
3800	-0.25504597 -0.027598643 -0.33866699 -0.21143817 -0.15060464 0.61539349 0.07973028 0.054959099 0.087005806 -0.034946245 0.093304466 0.024181846 -0.017447474 0.0095249689 0.0021580424 	-1.7906919	0.0017785452
